
--Converted with ttyyuu12345's model to script plugin v4
function sandbox(var,func)
	local env = getfenv(func)
	local newenv = setmetatable({},{
		__index = function(self,k)
			if k=="script" then
				return var
			else
				return env[k]
			end
		end,
	})
	setfenv(func,newenv)
	return func
end
cors = {}
mas = Instance.new("Model",game:GetService("Lighting"))
Model0 = Instance.new("Model")
Model1 = Instance.new("Model")
Part2 = Instance.new("Part")
Part3 = Instance.new("Part")
Part4 = Instance.new("Part")
Part5 = Instance.new("Part")
Part6 = Instance.new("Part")
Part7 = Instance.new("Part")
Part8 = Instance.new("Part")
Part9 = Instance.new("Part")
Part10 = Instance.new("Part")
Part11 = Instance.new("Part")
Part12 = Instance.new("Part")
Part13 = Instance.new("Part")
Part14 = Instance.new("Part")
Part15 = Instance.new("Part")
Part16 = Instance.new("Part")
Part17 = Instance.new("Part")
Part18 = Instance.new("Part")
Model19 = Instance.new("Model")
Model20 = Instance.new("Model")
Model21 = Instance.new("Model")
Model22 = Instance.new("Model")
Part23 = Instance.new("Part")
Part24 = Instance.new("Part")
Part25 = Instance.new("Part")
Part26 = Instance.new("Part")
Part27 = Instance.new("Part")
UnionOperation28 = Instance.new("UnionOperation")
Part29 = Instance.new("Part")
Part30 = Instance.new("Part")
Part31 = Instance.new("Part")
Part32 = Instance.new("Part")
Part33 = Instance.new("Part")
Part34 = Instance.new("Part")
UnionOperation35 = Instance.new("UnionOperation")
Part36 = Instance.new("Part")
Part37 = Instance.new("Part")
Part38 = Instance.new("Part")
Part39 = Instance.new("Part")
Part40 = Instance.new("Part")
Part41 = Instance.new("Part")
Part42 = Instance.new("Part")
Part43 = Instance.new("Part")
UnionOperation44 = Instance.new("UnionOperation")
Part45 = Instance.new("Part")
Part46 = Instance.new("Part")
UnionOperation47 = Instance.new("UnionOperation")
Part48 = Instance.new("Part")
Part49 = Instance.new("Part")
Part50 = Instance.new("Part")
Part51 = Instance.new("Part")
Part52 = Instance.new("Part")
Part53 = Instance.new("Part")
UnionOperation54 = Instance.new("UnionOperation")
Part55 = Instance.new("Part")
Part56 = Instance.new("Part")
Part57 = Instance.new("Part")
Part58 = Instance.new("Part")
Part59 = Instance.new("Part")
Part60 = Instance.new("Part")
Part61 = Instance.new("Part")
Part62 = Instance.new("Part")
Part63 = Instance.new("Part")
Part64 = Instance.new("Part")
Part65 = Instance.new("Part")
Part66 = Instance.new("Part")
Part67 = Instance.new("Part")
Part68 = Instance.new("Part")
Part69 = Instance.new("Part")
Part70 = Instance.new("Part")
Part71 = Instance.new("Part")
Part72 = Instance.new("Part")
Part73 = Instance.new("Part")
Part74 = Instance.new("Part")
Part75 = Instance.new("Part")
Part76 = Instance.new("Part")
Part77 = Instance.new("Part")
Part78 = Instance.new("Part")
Part79 = Instance.new("Part")
Part80 = Instance.new("Part")
Part81 = Instance.new("Part")
Part82 = Instance.new("Part")
Part83 = Instance.new("Part")
UnionOperation84 = Instance.new("UnionOperation")
Part85 = Instance.new("Part")
Part86 = Instance.new("Part")
Part87 = Instance.new("Part")
Part88 = Instance.new("Part")
Part89 = Instance.new("Part")
Part90 = Instance.new("Part")
Part91 = Instance.new("Part")
Part92 = Instance.new("Part")
Part93 = Instance.new("Part")
Part94 = Instance.new("Part")
Part95 = Instance.new("Part")
Part96 = Instance.new("Part")
Part97 = Instance.new("Part")
Part98 = Instance.new("Part")
Part99 = Instance.new("Part")
Part100 = Instance.new("Part")
Part101 = Instance.new("Part")
Part102 = Instance.new("Part")
Part103 = Instance.new("Part")
Part104 = Instance.new("Part")
Part105 = Instance.new("Part")
Part106 = Instance.new("Part")
Part107 = Instance.new("Part")
Part108 = Instance.new("Part")
Part109 = Instance.new("Part")
Part110 = Instance.new("Part")
Part111 = Instance.new("Part")
UnionOperation112 = Instance.new("UnionOperation")
Part113 = Instance.new("Part")
UnionOperation114 = Instance.new("UnionOperation")
UnionOperation115 = Instance.new("UnionOperation")
Part116 = Instance.new("Part")
Part117 = Instance.new("Part")
Part118 = Instance.new("Part")
Part119 = Instance.new("Part")
Model120 = Instance.new("Model")
Part121 = Instance.new("Part")
Part122 = Instance.new("Part")
Part123 = Instance.new("Part")
Part124 = Instance.new("Part")
Part125 = Instance.new("Part")
Part126 = Instance.new("Part")
Part127 = Instance.new("Part")
UnionOperation128 = Instance.new("UnionOperation")
Part129 = Instance.new("Part")
Part130 = Instance.new("Part")
Part131 = Instance.new("Part")
Part132 = Instance.new("Part")
Part133 = Instance.new("Part")
Part134 = Instance.new("Part")
UnionOperation135 = Instance.new("UnionOperation")
Part136 = Instance.new("Part")
Part137 = Instance.new("Part")
Part138 = Instance.new("Part")
Part139 = Instance.new("Part")
Part140 = Instance.new("Part")
Part141 = Instance.new("Part")
Part142 = Instance.new("Part")
Part143 = Instance.new("Part")
UnionOperation144 = Instance.new("UnionOperation")
Part145 = Instance.new("Part")
Part146 = Instance.new("Part")
UnionOperation147 = Instance.new("UnionOperation")
Part148 = Instance.new("Part")
Part149 = Instance.new("Part")
Part150 = Instance.new("Part")
Part151 = Instance.new("Part")
Part152 = Instance.new("Part")
Part153 = Instance.new("Part")
UnionOperation154 = Instance.new("UnionOperation")
Part155 = Instance.new("Part")
Part156 = Instance.new("Part")
Part157 = Instance.new("Part")
Part158 = Instance.new("Part")
Part159 = Instance.new("Part")
Part160 = Instance.new("Part")
Part161 = Instance.new("Part")
Part162 = Instance.new("Part")
Part163 = Instance.new("Part")
Part164 = Instance.new("Part")
Part165 = Instance.new("Part")
Part166 = Instance.new("Part")
Part167 = Instance.new("Part")
Part168 = Instance.new("Part")
Part169 = Instance.new("Part")
Part170 = Instance.new("Part")
Part171 = Instance.new("Part")
Part172 = Instance.new("Part")
Part173 = Instance.new("Part")
Part174 = Instance.new("Part")
Part175 = Instance.new("Part")
Part176 = Instance.new("Part")
Part177 = Instance.new("Part")
Part178 = Instance.new("Part")
Part179 = Instance.new("Part")
Part180 = Instance.new("Part")
Part181 = Instance.new("Part")
Part182 = Instance.new("Part")
Part183 = Instance.new("Part")
UnionOperation184 = Instance.new("UnionOperation")
Part185 = Instance.new("Part")
Part186 = Instance.new("Part")
Part187 = Instance.new("Part")
Part188 = Instance.new("Part")
Part189 = Instance.new("Part")
Part190 = Instance.new("Part")
Part191 = Instance.new("Part")
Part192 = Instance.new("Part")
Part193 = Instance.new("Part")
Part194 = Instance.new("Part")
Part195 = Instance.new("Part")
Part196 = Instance.new("Part")
Part197 = Instance.new("Part")
Part198 = Instance.new("Part")
Part199 = Instance.new("Part")
Part200 = Instance.new("Part")
Part201 = Instance.new("Part")
Part202 = Instance.new("Part")
Part203 = Instance.new("Part")
Part204 = Instance.new("Part")
Part205 = Instance.new("Part")
Part206 = Instance.new("Part")
Part207 = Instance.new("Part")
Part208 = Instance.new("Part")
Part209 = Instance.new("Part")
Part210 = Instance.new("Part")
Part211 = Instance.new("Part")
UnionOperation212 = Instance.new("UnionOperation")
Part213 = Instance.new("Part")
UnionOperation214 = Instance.new("UnionOperation")
UnionOperation215 = Instance.new("UnionOperation")
Part216 = Instance.new("Part")
Part217 = Instance.new("Part")
Part218 = Instance.new("Part")
Part219 = Instance.new("Part")
Part220 = Instance.new("Part")
Part221 = Instance.new("Part")
Model222 = Instance.new("Model")
Part223 = Instance.new("Part")
Part224 = Instance.new("Part")
Model225 = Instance.new("Model")
Model226 = Instance.new("Model")
Part227 = Instance.new("Part")
Part228 = Instance.new("Part")
Part229 = Instance.new("Part")
Part230 = Instance.new("Part")
Part231 = Instance.new("Part")
Part232 = Instance.new("Part")
Part233 = Instance.new("Part")
UnionOperation234 = Instance.new("UnionOperation")
Part235 = Instance.new("Part")
Part236 = Instance.new("Part")
Part237 = Instance.new("Part")
Part238 = Instance.new("Part")
Part239 = Instance.new("Part")
Part240 = Instance.new("Part")
UnionOperation241 = Instance.new("UnionOperation")
Part242 = Instance.new("Part")
Part243 = Instance.new("Part")
Part244 = Instance.new("Part")
Part245 = Instance.new("Part")
Part246 = Instance.new("Part")
Part247 = Instance.new("Part")
Part248 = Instance.new("Part")
Part249 = Instance.new("Part")
UnionOperation250 = Instance.new("UnionOperation")
Part251 = Instance.new("Part")
Part252 = Instance.new("Part")
UnionOperation253 = Instance.new("UnionOperation")
Part254 = Instance.new("Part")
Part255 = Instance.new("Part")
Part256 = Instance.new("Part")
Part257 = Instance.new("Part")
Part258 = Instance.new("Part")
Part259 = Instance.new("Part")
UnionOperation260 = Instance.new("UnionOperation")
Part261 = Instance.new("Part")
Part262 = Instance.new("Part")
Part263 = Instance.new("Part")
Part264 = Instance.new("Part")
Part265 = Instance.new("Part")
Part266 = Instance.new("Part")
Part267 = Instance.new("Part")
Part268 = Instance.new("Part")
Part269 = Instance.new("Part")
Part270 = Instance.new("Part")
Part271 = Instance.new("Part")
Part272 = Instance.new("Part")
Part273 = Instance.new("Part")
Part274 = Instance.new("Part")
Part275 = Instance.new("Part")
Part276 = Instance.new("Part")
Part277 = Instance.new("Part")
Part278 = Instance.new("Part")
Part279 = Instance.new("Part")
Part280 = Instance.new("Part")
Part281 = Instance.new("Part")
Part282 = Instance.new("Part")
Part283 = Instance.new("Part")
Part284 = Instance.new("Part")
Part285 = Instance.new("Part")
Part286 = Instance.new("Part")
Part287 = Instance.new("Part")
Part288 = Instance.new("Part")
Part289 = Instance.new("Part")
UnionOperation290 = Instance.new("UnionOperation")
Part291 = Instance.new("Part")
Part292 = Instance.new("Part")
Part293 = Instance.new("Part")
Part294 = Instance.new("Part")
Part295 = Instance.new("Part")
Part296 = Instance.new("Part")
Part297 = Instance.new("Part")
Part298 = Instance.new("Part")
Part299 = Instance.new("Part")
Part300 = Instance.new("Part")
Part301 = Instance.new("Part")
Part302 = Instance.new("Part")
Part303 = Instance.new("Part")
Part304 = Instance.new("Part")
Part305 = Instance.new("Part")
Part306 = Instance.new("Part")
Part307 = Instance.new("Part")
Part308 = Instance.new("Part")
Part309 = Instance.new("Part")
Part310 = Instance.new("Part")
Part311 = Instance.new("Part")
Part312 = Instance.new("Part")
Part313 = Instance.new("Part")
Part314 = Instance.new("Part")
Part315 = Instance.new("Part")
Part316 = Instance.new("Part")
Part317 = Instance.new("Part")
UnionOperation318 = Instance.new("UnionOperation")
Part319 = Instance.new("Part")
UnionOperation320 = Instance.new("UnionOperation")
UnionOperation321 = Instance.new("UnionOperation")
Part322 = Instance.new("Part")
Part323 = Instance.new("Part")
Model324 = Instance.new("Model")
Part325 = Instance.new("Part")
Part326 = Instance.new("Part")
Part327 = Instance.new("Part")
Part328 = Instance.new("Part")
UnionOperation329 = Instance.new("UnionOperation")
Part330 = Instance.new("Part")
Part331 = Instance.new("Part")
Part332 = Instance.new("Part")
Part333 = Instance.new("Part")
Part334 = Instance.new("Part")
Part335 = Instance.new("Part")
UnionOperation336 = Instance.new("UnionOperation")
Part337 = Instance.new("Part")
Part338 = Instance.new("Part")
Part339 = Instance.new("Part")
Part340 = Instance.new("Part")
Part341 = Instance.new("Part")
Part342 = Instance.new("Part")
Part343 = Instance.new("Part")
Part344 = Instance.new("Part")
UnionOperation345 = Instance.new("UnionOperation")
Part346 = Instance.new("Part")
Part347 = Instance.new("Part")
UnionOperation348 = Instance.new("UnionOperation")
Part349 = Instance.new("Part")
Part350 = Instance.new("Part")
Part351 = Instance.new("Part")
Part352 = Instance.new("Part")
Part353 = Instance.new("Part")
Part354 = Instance.new("Part")
UnionOperation355 = Instance.new("UnionOperation")
Part356 = Instance.new("Part")
Part357 = Instance.new("Part")
Part358 = Instance.new("Part")
Part359 = Instance.new("Part")
Part360 = Instance.new("Part")
Part361 = Instance.new("Part")
Part362 = Instance.new("Part")
Part363 = Instance.new("Part")
Part364 = Instance.new("Part")
Part365 = Instance.new("Part")
Part366 = Instance.new("Part")
Part367 = Instance.new("Part")
Part368 = Instance.new("Part")
Part369 = Instance.new("Part")
Part370 = Instance.new("Part")
Part371 = Instance.new("Part")
Part372 = Instance.new("Part")
Part373 = Instance.new("Part")
Part374 = Instance.new("Part")
Part375 = Instance.new("Part")
Part376 = Instance.new("Part")
Part377 = Instance.new("Part")
Part378 = Instance.new("Part")
Part379 = Instance.new("Part")
Part380 = Instance.new("Part")
Part381 = Instance.new("Part")
Part382 = Instance.new("Part")
Part383 = Instance.new("Part")
Part384 = Instance.new("Part")
UnionOperation385 = Instance.new("UnionOperation")
Part386 = Instance.new("Part")
Part387 = Instance.new("Part")
Part388 = Instance.new("Part")
Part389 = Instance.new("Part")
Part390 = Instance.new("Part")
Part391 = Instance.new("Part")
Part392 = Instance.new("Part")
Part393 = Instance.new("Part")
Part394 = Instance.new("Part")
Part395 = Instance.new("Part")
Part396 = Instance.new("Part")
Part397 = Instance.new("Part")
Part398 = Instance.new("Part")
Part399 = Instance.new("Part")
Part400 = Instance.new("Part")
Part401 = Instance.new("Part")
Part402 = Instance.new("Part")
Part403 = Instance.new("Part")
Part404 = Instance.new("Part")
Part405 = Instance.new("Part")
Part406 = Instance.new("Part")
Part407 = Instance.new("Part")
Part408 = Instance.new("Part")
Part409 = Instance.new("Part")
Part410 = Instance.new("Part")
Part411 = Instance.new("Part")
Part412 = Instance.new("Part")
UnionOperation413 = Instance.new("UnionOperation")
Part414 = Instance.new("Part")
UnionOperation415 = Instance.new("UnionOperation")
UnionOperation416 = Instance.new("UnionOperation")
Part417 = Instance.new("Part")
Part418 = Instance.new("Part")
Part419 = Instance.new("Part")
Part420 = Instance.new("Part")
Part421 = Instance.new("Part")
Part422 = Instance.new("Part")
Part423 = Instance.new("Part")
Part424 = Instance.new("Part")
Part425 = Instance.new("Part")
Part426 = Instance.new("Part")
Part427 = Instance.new("Part")
Part428 = Instance.new("Part")
Part429 = Instance.new("Part")
Part430 = Instance.new("Part")
Part431 = Instance.new("Part")
Part432 = Instance.new("Part")
Part433 = Instance.new("Part")
Part434 = Instance.new("Part")
Part435 = Instance.new("Part")
Part436 = Instance.new("Part")
Part437 = Instance.new("Part")
Model438 = Instance.new("Model")
Part439 = Instance.new("Part")
Part440 = Instance.new("Part")
Part441 = Instance.new("Part")
Part442 = Instance.new("Part")
Part443 = Instance.new("Part")
Part444 = Instance.new("Part")
Part445 = Instance.new("Part")
Part446 = Instance.new("Part")
Part447 = Instance.new("Part")
Part448 = Instance.new("Part")
Part449 = Instance.new("Part")
Part450 = Instance.new("Part")
Part451 = Instance.new("Part")
Part452 = Instance.new("Part")
Part453 = Instance.new("Part")
Part454 = Instance.new("Part")
Part455 = Instance.new("Part")
Part456 = Instance.new("Part")
Part457 = Instance.new("Part")
Part458 = Instance.new("Part")
Part459 = Instance.new("Part")
Part460 = Instance.new("Part")
Part461 = Instance.new("Part")
Part462 = Instance.new("Part")
Part463 = Instance.new("Part")
Part464 = Instance.new("Part")
Part465 = Instance.new("Part")
Model466 = Instance.new("Model")
Part467 = Instance.new("Part")
Part468 = Instance.new("Part")
Model469 = Instance.new("Model")
Part470 = Instance.new("Part")
Part471 = Instance.new("Part")
Model472 = Instance.new("Model")
Part473 = Instance.new("Part")
Part474 = Instance.new("Part")
Model475 = Instance.new("Model")
Part476 = Instance.new("Part")
Part477 = Instance.new("Part")
Part478 = Instance.new("Part")
Part479 = Instance.new("Part")
Model0.Parent = mas
Model0.PrimaryPart = Part478
Model1.Parent = Model0
Model1.PrimaryPart = Part427
Part2.Parent = Model1
Part2.CFrame = CFrame.new(-34.0750427, 2.27966142, 3.22194862, 1, 0, 0, 0, -0.342020124, -0.939692616, 0, 0.939692616, -0.342020124)
Part2.Orientation = Vector3.new(70, 180, 180)
Part2.Position = Vector3.new(-34.075042724609375, 2.2796614170074463, 3.2219486236572266)
Part2.Rotation = Vector3.new(110, 0, 0)
Part2.Color = Color3.new(0.384314, 0.145098, 0.819608)
Part2.Size = Vector3.new(0.02499990165233612, 0.02499999850988388, 0.1499999761581421)
Part2.Anchored = true
Part2.BottomSurface = Enum.SurfaceType.Smooth
Part2.BrickColor = BrickColor.new("Royal purple")
Part2.Material = Enum.Material.Neon
Part2.TopSurface = Enum.SurfaceType.Smooth
Part2.brickColor = BrickColor.new("Royal purple")
Part3.Parent = Model1
Part3.CFrame = CFrame.new(-34.0750427, 2.0539465, 3.01511884, 1, 0, 0, 0, -0.906307697, -0.42261824, 0, 0.42261824, -0.906307697)
Part3.Orientation = Vector3.new(25, 180, 180)
Part3.Position = Vector3.new(-34.075042724609375, 2.0539464950561523, 3.0151188373565674)
Part3.Rotation = Vector3.new(155, 0, 0)
Part3.Color = Color3.new(0.384314, 0.145098, 0.819608)
Part3.Size = Vector3.new(0.02499990165233612, 0.02499999850988388, 0.1499999761581421)
Part3.Anchored = true
Part3.BottomSurface = Enum.SurfaceType.Smooth
Part3.BrickColor = BrickColor.new("Royal purple")
Part3.Material = Enum.Material.Neon
Part3.TopSurface = Enum.SurfaceType.Smooth
Part3.brickColor = BrickColor.new("Royal purple")
Part4.Parent = Model1
Part4.CFrame = CFrame.new(-34.0750427, 2.58551693, 3.20859456, 1, 0, 0, 0, 0.42261827, -0.906307697, 0, 0.906307697, 0.42261827)
Part4.Orientation = Vector3.new(65, 0, 0)
Part4.Position = Vector3.new(-34.075042724609375, 2.585516929626465, 3.208594560623169)
Part4.Rotation = Vector3.new(65, 0, 0)
Part4.Color = Color3.new(0.384314, 0.145098, 0.819608)
Part4.Size = Vector3.new(0.02499990165233612, 0.02499999850988388, 0.1499999761581421)
Part4.Anchored = true
Part4.BottomSurface = Enum.SurfaceType.Smooth
Part4.BrickColor = BrickColor.new("Royal purple")
Part4.Material = Enum.Material.Neon
Part4.TopSurface = Enum.SurfaceType.Smooth
Part4.brickColor = BrickColor.new("Royal purple")
Part5.Parent = Model1
Part5.CFrame = CFrame.new(-33.0279427, 2.32931471, 3.08543134, -0.707106769, -0.707106769, 0, 0.241844699, -0.241844699, 0.939692616, -0.664462984, 0.664462984, 0.342020065)
Part5.Orientation = Vector3.new(-70, 0, 135)
Part5.Position = Vector3.new(-33.0279426574707, 2.329314708709717, 3.0854313373565674)
Part5.Rotation = Vector3.new(-70, 0, 135)
Part5.Color = Color3.new(0.211765, 0.215686, 0.243137)
Part5.Size = Vector3.new(0.3999999165534973, 0.07499991357326508, 0.8500000238418579)
Part5.Anchored = true
Part5.BottomSurface = Enum.SurfaceType.Smooth
Part5.BrickColor = BrickColor.new("Earth green")
Part5.Material = Enum.Material.Metal
Part5.TopSurface = Enum.SurfaceType.Smooth
Part5.brickColor = BrickColor.new("Earth green")
Part5.Shape = Enum.PartType.Cylinder
Part6.Parent = Model1
Part6.CFrame = CFrame.new(-33.3731346, 2.32931447, 3.08543134, 0.707106769, 0.707106769, 0, 0.241844788, -0.241844788, -0.939692616, -0.664462984, 0.664462984, -0.342020184)
Part6.Orientation = Vector3.new(70, 180, 135)
Part6.Position = Vector3.new(-33.37313461303711, 2.3293144702911377, 3.0854313373565674)
Part6.Rotation = Vector3.new(110, 0, -45)
Part6.Color = Color3.new(0.211765, 0.215686, 0.243137)
Part6.Size = Vector3.new(0.3999999165534973, 0.07499991357326508, 0.8500000238418579)
Part6.Anchored = true
Part6.BottomSurface = Enum.SurfaceType.Smooth
Part6.BrickColor = BrickColor.new("Earth green")
Part6.Material = Enum.Material.Metal
Part6.TopSurface = Enum.SurfaceType.Smooth
Part6.brickColor = BrickColor.new("Earth green")
Part6.Shape = Enum.PartType.Cylinder
Part7.Parent = Model1
Part7.CFrame = CFrame.new(-32.8755341, 2.2847023, 3.20800281, -0.99999994, 0, 0, 0, -0.342020035, 0.939692616, 0, 0.939692557, 0.342020065)
Part7.Orientation = Vector3.new(-70, 0, 180)
Part7.Position = Vector3.new(-32.87553405761719, 2.2847023010253906, 3.208002805709839)
Part7.Rotation = Vector3.new(-70, 0, -180)
Part7.Color = Color3.new(0.211765, 0.215686, 0.243137)
Part7.Size = Vector3.new(0.07499992102384567, 0.07499991357326508, 0.8500000238418579)
Part7.Anchored = true
Part7.BottomSurface = Enum.SurfaceType.Smooth
Part7.BrickColor = BrickColor.new("Earth green")
Part7.Material = Enum.Material.Metal
Part7.TopSurface = Enum.SurfaceType.Smooth
Part7.brickColor = BrickColor.new("Earth green")
Part7.Shape = Enum.PartType.Cylinder
Part8.Parent = Model1
Part8.CFrame = CFrame.new(-33.5255432, 2.28470206, 3.20800281, 0.99999994, 0, 0, 0, -0.342020154, -0.939692616, 0, 0.939692557, -0.342020184)
Part8.Orientation = Vector3.new(70, 180, 180)
Part8.Position = Vector3.new(-33.525543212890625, 2.2847020626068115, 3.208002805709839)
Part8.Rotation = Vector3.new(110, 0, 0)
Part8.Color = Color3.new(0.211765, 0.215686, 0.243137)
Part8.Size = Vector3.new(0.07499992102384567, 0.07499991357326508, 0.8500000238418579)
Part8.Anchored = true
Part8.BottomSurface = Enum.SurfaceType.Smooth
Part8.BrickColor = BrickColor.new("Earth green")
Part8.Material = Enum.Material.Metal
Part8.TopSurface = Enum.SurfaceType.Smooth
Part8.brickColor = BrickColor.new("Earth green")
Part8.Shape = Enum.PartType.Cylinder
Part9.Parent = Model1
Part9.CFrame = CFrame.new(-33.5000381, 2.41646957, 2.84607148, 1, 0, 0, 0, 0.939692616, -0.342020124, 0, 0.342020124, 0.939692616)
Part9.Orientation = Vector3.new(20, 0, 0)
Part9.Position = Vector3.new(-33.500038146972656, 2.4164695739746094, 2.846071481704712)
Part9.Rotation = Vector3.new(20, 0, 0)
Part9.Color = Color3.new(0.356863, 0.364706, 0.411765)
Part9.Size = Vector3.new(0.07499992847442627, 0.7499999403953552, 0.8500000238418579)
Part9.Anchored = true
Part9.BottomSurface = Enum.SurfaceType.Smooth
Part9.BrickColor = BrickColor.new("Smoky grey")
Part9.Material = Enum.Material.Metal
Part9.TopSurface = Enum.SurfaceType.Smooth
Part9.brickColor = BrickColor.new("Smoky grey")
Part9.Shape = Enum.PartType.Cylinder
Part10.Parent = Model1
Part10.CFrame = CFrame.new(-34.0125427, 2.41646957, 2.84607148, 1, 0, 0, 0, 0.939692616, -0.342020124, 0, 0.342020124, 0.939692616)
Part10.Orientation = Vector3.new(20, 0, 0)
Part10.Position = Vector3.new(-34.012542724609375, 2.4164695739746094, 2.846071481704712)
Part10.Rotation = Vector3.new(20, 0, 0)
Part10.Color = Color3.new(0.211765, 0.215686, 0.243137)
Part10.Size = Vector3.new(0.09999990463256836, 0.9000000357627869, 1.850000023841858)
Part10.Anchored = true
Part10.BottomSurface = Enum.SurfaceType.Smooth
Part10.BrickColor = BrickColor.new("Earth green")
Part10.Material = Enum.Material.Metal
Part10.TopSurface = Enum.SurfaceType.Smooth
Part10.brickColor = BrickColor.new("Earth green")
Part10.Shape = Enum.PartType.Cylinder
Part11.Parent = Model1
Part11.CFrame = CFrame.new(-32.2625427, 2.41646957, 2.84607148, 1, 0, 0, 0, 0.939692616, -0.342020124, 0, 0.342020124, 0.939692616)
Part11.Orientation = Vector3.new(20, 0, 0)
Part11.Position = Vector3.new(-32.262542724609375, 2.4164695739746094, 2.846071481704712)
Part11.Rotation = Vector3.new(20, 0, 0)
Part11.Color = Color3.new(0.211765, 0.215686, 0.243137)
Part11.Size = Vector3.new(0.09999990463256836, 0.9000000357627869, 1.850000023841858)
Part11.Anchored = true
Part11.BottomSurface = Enum.SurfaceType.Smooth
Part11.BrickColor = BrickColor.new("Earth green")
Part11.Material = Enum.Material.Metal
Part11.TopSurface = Enum.SurfaceType.Smooth
Part11.brickColor = BrickColor.new("Earth green")
Part11.Shape = Enum.PartType.Cylinder
Part12.Parent = Model1
Part12.CFrame = CFrame.new(-34.3250313, 2.41646957, 2.84607148, 1, 0, 0, 0, 0.939692616, -0.342020124, 0, 0.342020124, 0.939692616)
Part12.Orientation = Vector3.new(20, 0, 0)
Part12.Position = Vector3.new(-34.32503128051758, 2.4164695739746094, 2.846071481704712)
Part12.Rotation = Vector3.new(20, 0, 0)
Part12.Color = Color3.new(0.356863, 0.364706, 0.411765)
Part12.Size = Vector3.new(0.02499985694885254, 0.9000000357627869, 0.75)
Part12.Anchored = true
Part12.BottomSurface = Enum.SurfaceType.Smooth
Part12.BrickColor = BrickColor.new("Smoky grey")
Part12.Material = Enum.Material.Metal
Part12.TopSurface = Enum.SurfaceType.Smooth
Part12.brickColor = BrickColor.new("Smoky grey")
Part12.Shape = Enum.PartType.Cylinder
Part13.Parent = Model1
Part13.CFrame = CFrame.new(-34.0750427, 2.79234672, 2.98287964, 1, 0, 0, 0, 0.939692616, -0.342020124, 0, 0.342020124, 0.939692616)
Part13.Orientation = Vector3.new(20, 0, 0)
Part13.Position = Vector3.new(-34.075042724609375, 2.792346715927124, 2.982879638671875)
Part13.Rotation = Vector3.new(20, 0, 0)
Part13.Color = Color3.new(0.384314, 0.145098, 0.819608)
Part13.Size = Vector3.new(0.02499990165233612, 0.02499999850988388, 0.1499999761581421)
Part13.Anchored = true
Part13.BottomSurface = Enum.SurfaceType.Smooth
Part13.BrickColor = BrickColor.new("Royal purple")
Part13.Material = Enum.Material.Neon
Part13.TopSurface = Enum.SurfaceType.Smooth
Part13.brickColor = BrickColor.new("Royal purple")
Part14.Parent = Model1
Part14.CFrame = CFrame.new(-34.0750427, 2.04059267, 2.70926356, 1, 0, 0, 0, 0.939692616, -0.342020124, 0, 0.342020124, 0.939692616)
Part14.Orientation = Vector3.new(20, 0, 0)
Part14.Position = Vector3.new(-34.075042724609375, 2.040592670440674, 2.709263563156128)
Part14.Rotation = Vector3.new(20, 0, 0)
Part14.Color = Color3.new(0.384314, 0.145098, 0.819608)
Part14.Size = Vector3.new(0.02499990165233612, 0.02499999850988388, 0.1499999761581421)
Part14.Anchored = true
Part14.BottomSurface = Enum.SurfaceType.Smooth
Part14.BrickColor = BrickColor.new("Royal purple")
Part14.Material = Enum.Material.Neon
Part14.TopSurface = Enum.SurfaceType.Smooth
Part14.brickColor = BrickColor.new("Royal purple")
Part15.Parent = Model1
Part15.CFrame = CFrame.new(-34.0750427, 2.55327749, 2.47019434, 1, 0, 0, 0, -0.342020124, -0.939692616, 0, 0.939692616, -0.342020124)
Part15.Orientation = Vector3.new(70, 180, 180)
Part15.Position = Vector3.new(-34.075042724609375, 2.5532774925231934, 2.4701943397521973)
Part15.Rotation = Vector3.new(110, 0, 0)
Part15.Color = Color3.new(0.384314, 0.145098, 0.819608)
Part15.Size = Vector3.new(0.02499990165233612, 0.02499999850988388, 0.1499999761581421)
Part15.Anchored = true
Part15.BottomSurface = Enum.SurfaceType.Smooth
Part15.BrickColor = BrickColor.new("Royal purple")
Part15.Material = Enum.Material.Neon
Part15.TopSurface = Enum.SurfaceType.Smooth
Part15.brickColor = BrickColor.new("Royal purple")
Part16.Parent = Model1
Part16.CFrame = CFrame.new(-34.0750427, 2.77899289, 2.67702436, 1, 0, 0, 0, -0.906307697, -0.42261824, 0, 0.42261824, -0.906307697)
Part16.Orientation = Vector3.new(25, 180, 180)
Part16.Position = Vector3.new(-34.075042724609375, 2.7789928913116455, 2.6770243644714355)
Part16.Rotation = Vector3.new(155, 0, 0)
Part16.Color = Color3.new(0.384314, 0.145098, 0.819608)
Part16.Size = Vector3.new(0.02499990165233612, 0.02499999850988388, 0.1499999761581421)
Part16.Anchored = true
Part16.BottomSurface = Enum.SurfaceType.Smooth
Part16.BrickColor = BrickColor.new("Royal purple")
Part16.Material = Enum.Material.Neon
Part16.TopSurface = Enum.SurfaceType.Smooth
Part16.brickColor = BrickColor.new("Royal purple")
Part17.Parent = Model1
Part17.CFrame = CFrame.new(-34.0750427, 2.24742222, 2.4835484, 1, 0, 0, 0, 0.42261827, -0.906307697, 0, 0.906307697, 0.42261827)
Part17.Orientation = Vector3.new(65, 0, 0)
Part17.Position = Vector3.new(-34.075042724609375, 2.247422218322754, 2.483548402786255)
Part17.Rotation = Vector3.new(65, 0, 0)
Part17.Color = Color3.new(0.384314, 0.145098, 0.819608)
Part17.Size = Vector3.new(0.02499990165233612, 0.02499999850988388, 0.1499999761581421)
Part17.Anchored = true
Part17.BottomSurface = Enum.SurfaceType.Smooth
Part17.BrickColor = BrickColor.new("Royal purple")
Part17.Material = Enum.Material.Neon
Part17.TopSurface = Enum.SurfaceType.Smooth
Part17.brickColor = BrickColor.new("Royal purple")
Part18.Parent = Model1
Part18.CFrame = CFrame.new(-34.1375389, 2.41646957, 2.84607148, 1, 0, 0, 0, 0.939692616, -0.342020124, 0, 0.342020124, 0.939692616)
Part18.Orientation = Vector3.new(20, 0, 0)
Part18.Position = Vector3.new(-34.13753890991211, 2.4164695739746094, 2.846071481704712)
Part18.Rotation = Vector3.new(20, 0, 0)
Part18.Color = Color3.new(0.356863, 0.364706, 0.411765)
Part18.Size = Vector3.new(0.3499998450279236, 0.9000000357627869, 0.800000011920929)
Part18.Anchored = true
Part18.BottomSurface = Enum.SurfaceType.Smooth
Part18.BrickColor = BrickColor.new("Smoky grey")
Part18.Material = Enum.Material.Metal
Part18.TopSurface = Enum.SurfaceType.Smooth
Part18.brickColor = BrickColor.new("Smoky grey")
Part18.Shape = Enum.PartType.Cylinder
Model19.Parent = Model1
Model20.Parent = Model19
Model21.Parent = Model20
Model22.Parent = Model21
Part23.Parent = Model22
Part23.CFrame = CFrame.new(-34.3290672, 2.58427382, 2.38537407, -0.92390275, -0.382627457, -1.84940987e-08, -0.130866304, 0.315993339, -0.939692914, 0.359552354, -0.868184745, -0.342020094)
Part23.Orientation = Vector3.new(70, -180, -22.5)
Part23.Position = Vector3.new(-34.32906723022461, 2.5842738151550293, 2.385374069213867)
Part23.Rotation = Vector3.new(110, 0, 157.5)
Part23.Color = Color3.new(0.356863, 0.364706, 0.411765)
Part23.Size = Vector3.new(0.01538271177560091, 0.036918509751558304, 0.022561311721801758)
Part23.Anchored = true
Part23.BottomSurface = Enum.SurfaceType.Smooth
Part23.BrickColor = BrickColor.new("Smoky grey")
Part23.Material = Enum.Material.Metal
Part23.TopSurface = Enum.SurfaceType.Smooth
Part23.brickColor = BrickColor.new("Smoky grey")
Part23.Shape = Enum.PartType.Cylinder
Part24.Parent = Model22
Part24.CFrame = CFrame.new(-34.3062439, 2.58582592, 2.38110971, -1, 4.46958737e-08, 1.77655505e-15, 1.52868846e-08, 0.342020094, -0.939692914, -4.20003907e-08, -0.939692914, -0.342020094)
Part24.Orientation = Vector3.new(70, 180, 0)
Part24.Position = Vector3.new(-34.306243896484375, 2.5858259201049805, 2.3811097145080566)
Part24.Rotation = Vector3.new(110, 0, -180)
Part24.Color = Color3.new(0.356863, 0.364706, 0.411765)
Part24.Size = Vector3.new(0.01538271177560091, 0.036918509751558304, 0.022561311721801758)
Part24.Anchored = true
Part24.BottomSurface = Enum.SurfaceType.Smooth
Part24.BrickColor = BrickColor.new("Smoky grey")
Part24.Material = Enum.Material.Metal
Part24.TopSurface = Enum.SurfaceType.Smooth
Part24.brickColor = BrickColor.new("Smoky grey")
Part24.Shape = Enum.PartType.Cylinder
Part25.Parent = Model22
Part25.CFrame = CFrame.new(-34.2946129, 2.58543396, 2.38218689, -0.980791748, 0.195058167, 8.80191653e-09, 0.0667138174, 0.335450441, -0.939692914, -0.183294788, -0.9216429, -0.342020094)
Part25.Orientation = Vector3.new(70, 180, 11.25)
Part25.Position = Vector3.new(-34.294612884521484, 2.5854339599609375, 2.3821868896484375)
Part25.Rotation = Vector3.new(110, 0, -168.75)
Part25.Color = Color3.new(0.356863, 0.364706, 0.411765)
Part25.Size = Vector3.new(0.01538271177560091, 0.036918509751558304, 0.022561311721801758)
Part25.Anchored = true
Part25.BottomSurface = Enum.SurfaceType.Smooth
Part25.BrickColor = BrickColor.new("Smoky grey")
Part25.Material = Enum.Material.Metal
Part25.TopSurface = Enum.SurfaceType.Smooth
Part25.brickColor = BrickColor.new("Smoky grey")
Part25.Shape = Enum.PartType.Cylinder
Part26.Parent = Model22
Part26.CFrame = CFrame.new(-34.3178787, 2.58543396, 2.38218689, -0.980791748, -0.195058107, -8.80229845e-09, -0.0667137951, 0.335450441, -0.939692914, 0.183294728, -0.9216429, -0.342020094)
Part26.Orientation = Vector3.new(70, -180, -11.25)
Part26.Position = Vector3.new(-34.31787872314453, 2.5854339599609375, 2.3821868896484375)
Part26.Rotation = Vector3.new(110, 0, 168.75)
Part26.Color = Color3.new(0.356863, 0.364706, 0.411765)
Part26.Size = Vector3.new(0.01538271177560091, 0.036918509751558304, 0.022561311721801758)
Part26.Anchored = true
Part26.BottomSurface = Enum.SurfaceType.Smooth
Part26.BrickColor = BrickColor.new("Smoky grey")
Part26.Material = Enum.Material.Metal
Part26.TopSurface = Enum.SurfaceType.Smooth
Part26.brickColor = BrickColor.new("Smoky grey")
Part26.Shape = Enum.PartType.Cylinder
Part27.Parent = Model22
Part27.CFrame = CFrame.new(-34.3613396, 2.57323694, 2.41569686, -0.382739335, -0.923856437, -1.3367492e-08, -0.315977454, 0.13090454, -0.939692914, 0.868141294, -0.359657437, -0.342020094)
Part27.Orientation = Vector3.new(70, -180, -67.5)
Part27.Position = Vector3.new(-34.3613395690918, 2.5732369422912598, 2.415696859359741)
Part27.Rotation = Vector3.new(110, 0, 112.5)
Part27.Color = Color3.new(0.356863, 0.364706, 0.411765)
Part27.Size = Vector3.new(0.01538271177560091, 0.036918509751558304, 0.022561311721801758)
Part27.Anchored = true
Part27.BottomSurface = Enum.SurfaceType.Smooth
Part27.BrickColor = BrickColor.new("Smoky grey")
Part27.Material = Enum.Material.Metal
Part27.TopSurface = Enum.SurfaceType.Smooth
Part27.brickColor = BrickColor.new("Smoky grey")
Part27.Shape = Enum.PartType.Cylinder
UnionOperation28.Parent = Model22
UnionOperation28.CFrame = CFrame.new(-34.3223076, 2.55671787, 2.46108389, 0.707167566, -0.707046092, -2.10738893e-08, -0.241824001, -0.241865501, -0.939692914, 0.664406121, 0.664520204, -0.342020094)
UnionOperation28.Orientation = Vector3.new(70, -180, -135)
UnionOperation28.Position = Vector3.new(-34.32230758666992, 2.556717872619629, 2.4610838890075684)
UnionOperation28.Rotation = Vector3.new(110, 0, 45)
UnionOperation28.Color = Color3.new(0.215686, 0.219608, 0.247059)
UnionOperation28.Size = Vector3.new(0.0020510281901806593, 0.024612339213490486, 0.0061530848033726215)
UnionOperation28.Anchored = true
UnionOperation28.BrickColor = BrickColor.new("Earth blue")
UnionOperation28.Material = Enum.Material.Metal
UnionOperation28.brickColor = BrickColor.new("Earth blue")
Part29.Parent = Model22
Part29.CFrame = CFrame.new(-34.3393745, 2.58238864, 2.390553, -0.831513643, -0.555504501, 2.20069518e-10, -0.189993724, 0.284394383, -0.939692914, 0.522003591, -0.78136754, -0.342020094)
Part29.Orientation = Vector3.new(70, 180, -33.75)
Part29.Position = Vector3.new(-34.33937454223633, 2.5823886394500732, 2.3905529975891113)
Part29.Rotation = Vector3.new(110, 0, 146.25)
Part29.Color = Color3.new(0.356863, 0.364706, 0.411765)
Part29.Size = Vector3.new(0.01538271177560091, 0.036918509751558304, 0.022561311721801758)
Part29.Anchored = true
Part29.BottomSurface = Enum.SurfaceType.Smooth
Part29.BrickColor = BrickColor.new("Smoky grey")
Part29.Material = Enum.Material.Metal
Part29.TopSurface = Enum.SurfaceType.Smooth
Part29.brickColor = BrickColor.new("Smoky grey")
Part29.Shape = Enum.PartType.Cylinder
Part30.Parent = Model22
Part30.CFrame = CFrame.new(-34.3484116, 2.57985401, 2.39751959, -0.707167566, -0.707046092, -5.43925148e-12, -0.241823956, 0.241865546, -0.939692914, 0.664406002, -0.664520264, -0.342020094)
Part30.Orientation = Vector3.new(70, -180, -45)
Part30.Position = Vector3.new(-34.348411560058594, 2.5798540115356445, 2.397519588470459)
Part30.Rotation = Vector3.new(110, 0, 135)
Part30.Color = Color3.new(0.356863, 0.364706, 0.411765)
Part30.Size = Vector3.new(0.01538271177560091, 0.036918509751558304, 0.022561311721801758)
Part30.Anchored = true
Part30.BottomSurface = Enum.SurfaceType.Smooth
Part30.BrickColor = BrickColor.new("Smoky grey")
Part30.Material = Enum.Material.Metal
Part30.TopSurface = Enum.SurfaceType.Smooth
Part30.brickColor = BrickColor.new("Smoky grey")
Part30.Shape = Enum.PartType.Cylinder
Part31.Parent = Model22
Part31.CFrame = CFrame.new(-34.3658791, 2.5654335, 2.43713713, -4.47111645e-08, -1, 5.33009289e-15, -0.342020094, 1.52921125e-08, -0.939692914, 0.939692914, -4.20147614e-08, -0.342020094)
Part31.Orientation = Vector3.new(70, 180, -90)
Part31.Position = Vector3.new(-34.36587905883789, 2.5654335021972656, 2.4371371269226074)
Part31.Rotation = Vector3.new(110, 0, 90)
Part31.Color = Color3.new(0.356863, 0.364706, 0.411765)
Part31.Size = Vector3.new(0.01538271177560091, 0.036918509751558304, 0.022561311721801758)
Part31.Anchored = true
Part31.BottomSurface = Enum.SurfaceType.Smooth
Part31.BrickColor = BrickColor.new("Smoky grey")
Part31.Material = Enum.Material.Metal
Part31.TopSurface = Enum.SurfaceType.Smooth
Part31.brickColor = BrickColor.new("Smoky grey")
Part31.Shape = Enum.PartType.Cylinder
Part32.Parent = Model22
Part32.CFrame = CFrame.new(-34.3647308, 2.56941271, 2.42620635, -0.1951226, -0.980778873, 1.02933937e-08, -0.33544609, 0.0667358488, -0.939692914, 0.921630919, -0.183355287, -0.342020094)
Part32.Orientation = Vector3.new(70, 180, -78.75)
Part32.Position = Vector3.new(-34.36473083496094, 2.5694127082824707, 2.426206350326538)
Part32.Rotation = Vector3.new(110, 0, 101.25)
Part32.Color = Color3.new(0.356863, 0.364706, 0.411765)
Part32.Size = Vector3.new(0.01538271177560091, 0.036918509751558304, 0.022561311721801758)
Part32.Anchored = true
Part32.BottomSurface = Enum.SurfaceType.Smooth
Part32.BrickColor = BrickColor.new("Smoky grey")
Part32.Material = Enum.Material.Metal
Part32.TopSurface = Enum.SurfaceType.Smooth
Part32.brickColor = BrickColor.new("Smoky grey")
Part32.Shape = Enum.PartType.Cylinder
Part33.Parent = Model22
Part33.CFrame = CFrame.new(-34.3558273, 2.57676339, 2.40600991, -0.555636466, -0.831425369, -2.37993014e-10, -0.284364223, 0.19003883, -0.939692914, 0.78128463, -0.522127509, -0.342020094)
Part33.Orientation = Vector3.new(70, -180, -56.25)
Part33.Position = Vector3.new(-34.35582733154297, 2.576763391494751, 2.4060099124908447)
Part33.Rotation = Vector3.new(110, 0, 123.75)
Part33.Color = Color3.new(0.356863, 0.364706, 0.411765)
Part33.Size = Vector3.new(0.01538271177560091, 0.036918509751558304, 0.022561311721801758)
Part33.Anchored = true
Part33.BottomSurface = Enum.SurfaceType.Smooth
Part33.BrickColor = BrickColor.new("Smoky grey")
Part33.Material = Enum.Material.Metal
Part33.TopSurface = Enum.SurfaceType.Smooth
Part33.brickColor = BrickColor.new("Smoky grey")
Part33.Shape = Enum.PartType.Cylinder
Part34.Parent = Model22
Part34.CFrame = CFrame.new(-34.3096161, 2.55709004, 2.46006107, 0.707167566, -0.707046092, -2.10738893e-08, -0.241824001, -0.241865501, -0.939692914, 0.664406121, 0.664520204, -0.342020094)
Part34.Orientation = Vector3.new(70, -180, -135)
Part34.Position = Vector3.new(-34.30961608886719, 2.5570900440216064, 2.4600610733032227)
Part34.Rotation = Vector3.new(110, 0, 45)
Part34.Color = Color3.new(0.215686, 0.219608, 0.247059)
Part34.Size = Vector3.new(0.03076542355120182, 0.01025514118373394, 0.04102056473493576)
Part34.Anchored = true
Part34.BottomSurface = Enum.SurfaceType.Smooth
Part34.BrickColor = BrickColor.new("Earth blue")
Part34.Material = Enum.Material.Metal
Part34.TopSurface = Enum.SurfaceType.Smooth
Part34.brickColor = BrickColor.new("Earth blue")
UnionOperation35.Parent = Model22
UnionOperation35.CFrame = CFrame.new(-34.2133179, 2.56249571, 2.44521117, -0.707167447, 0.707046151, 2.79595769e-12, 0.241824001, 0.241865516, -0.939692855, -0.664406121, -0.664520144, -0.342020214)
UnionOperation35.Orientation = Vector3.new(70, 180, 45)
UnionOperation35.Position = Vector3.new(-34.21331787109375, 2.562495708465576, 2.445211172103882)
UnionOperation35.Rotation = Vector3.new(110, 0, -135)
UnionOperation35.Color = Color3.new(0.215686, 0.219608, 0.247059)
UnionOperation35.Size = Vector3.new(0.031791627407073975, 0.026663117110729218, 0.02666335180401802)
UnionOperation35.Anchored = true
UnionOperation35.BrickColor = BrickColor.new("Earth blue")
UnionOperation35.Material = Enum.Material.Metal
UnionOperation35.brickColor = BrickColor.new("Earth blue")
Part36.Parent = Model22
Part36.CFrame = CFrame.new(-34.2357979, 2.57018256, 2.4240911, -0.707167447, 0.707046151, 2.79595769e-12, 0.241824001, 0.241865516, -0.939692855, -0.664406121, -0.664520144, -0.342020214)
Part36.Orientation = Vector3.new(70, 180, 45)
Part36.Position = Vector3.new(-34.23579788208008, 2.5701825618743896, 2.424091100692749)
Part36.Rotation = Vector3.new(110, 0, -135)
Part36.Color = Color3.new(0.356863, 0.364706, 0.411765)
