local Model0 = Instance.new("Model")
Model1 = Instance.new("Model")
Part2 = Instance.new("Part")
Part3 = Instance.new("Part")
Part4 = Instance.new("Part")
Part5 = Instance.new("Part")
Part6 = Instance.new("Part")
Part7 = Instance.new("Part")
Part8 = Instance.new("Part")
Part9 = Instance.new("Part")
Part10 = Instance.new("Part")
Part11 = Instance.new("Part")
Part12 = Instance.new("Part")
Part13 = Instance.new("Part")
Part14 = Instance.new("Part")
Part15 = Instance.new("Part")
Part16 = Instance.new("Part")
Part17 = Instance.new("Part")
Part18 = Instance.new("Part")
Part19 = Instance.new("Part")
Part20 = Instance.new("Part")
Part21 = Instance.new("Part")
Model22 = Instance.new("Model")
Part23 = Instance.new("Part")
Part24 = Instance.new("Part")
Part25 = Instance.new("Part")
Part26 = Instance.new("Part")
Part27 = Instance.new("Part")
Part28 = Instance.new("Part")
Part29 = Instance.new("Part")
Part30 = Instance.new("Part")
Part31 = Instance.new("Part")
Part32 = Instance.new("Part")
Part33 = Instance.new("Part")
Attachment34 = Instance.new("Attachment")
ParticleEmitter35 = Instance.new("ParticleEmitter")
Attachment36 = Instance.new("Attachment")
Part37 = Instance.new("Part")
Part38 = Instance.new("Part")
Part39 = Instance.new("Part")
Part40 = Instance.new("Part")
Weld41 = Instance.new("Weld")
Weld42 = Instance.new("Weld")
Weld43 = Instance.new("Weld")
Weld44 = Instance.new("Weld")
Weld45 = Instance.new("Weld")
Weld46 = Instance.new("Weld")
Weld47 = Instance.new("Weld")
Weld48 = Instance.new("Weld")
Weld49 = Instance.new("Weld")
Weld50 = Instance.new("Weld")
Weld51 = Instance.new("Weld")
Weld52 = Instance.new("Weld")
Weld53 = Instance.new("Weld")
Weld54 = Instance.new("Weld")
Weld55 = Instance.new("Weld")
Weld56 = Instance.new("Weld")
Part57 = Instance.new("Part")
Part58 = Instance.new("Part")
Attachment59 = Instance.new("Attachment")
RopeConstraint60 = Instance.new("RopeConstraint")
Part61 = Instance.new("Part")
Attachment62 = Instance.new("Attachment")
Part63 = Instance.new("Part")
Attachment64 = Instance.new("Attachment")
RopeConstraint65 = Instance.new("RopeConstraint")
Part66 = Instance.new("Part")
Attachment67 = Instance.new("Attachment")
RopeConstraint68 = Instance.new("RopeConstraint")
Part69 = Instance.new("Part")
Attachment70 = Instance.new("Attachment")
Part71 = Instance.new("Part")
Attachment72 = Instance.new("Attachment")
Part73 = Instance.new("Part")
Model74 = Instance.new("Model")
Part75 = Instance.new("Part")
Part76 = Instance.new("Part")
Part77 = Instance.new("Part")
Part78 = Instance.new("Part")
Part79 = Instance.new("Part")
Part80 = Instance.new("Part")
Part81 = Instance.new("Part")
Part82 = Instance.new("Part")
Part83 = Instance.new("Part")
Part84 = Instance.new("Part")
Part85 = Instance.new("Part")
Attachment86 = Instance.new("Attachment")
ParticleEmitter87 = Instance.new("ParticleEmitter")
Attachment88 = Instance.new("Attachment")
Part89 = Instance.new("Part")
Part90 = Instance.new("Part")
Part91 = Instance.new("Part")
Part92 = Instance.new("Part")
Weld93 = Instance.new("Weld")
Weld94 = Instance.new("Weld")
Weld95 = Instance.new("Weld")
Weld96 = Instance.new("Weld")
Weld97 = Instance.new("Weld")
Weld98 = Instance.new("Weld")
Weld99 = Instance.new("Weld")
Weld100 = Instance.new("Weld")
Weld101 = Instance.new("Weld")
Weld102 = Instance.new("Weld")
Weld103 = Instance.new("Weld")
Weld104 = Instance.new("Weld")
Weld105 = Instance.new("Weld")
Weld106 = Instance.new("Weld")
Weld107 = Instance.new("Weld")
Part108 = Instance.new("Part")
Part109 = Instance.new("Part")
Attachment110 = Instance.new("Attachment")
RopeConstraint111 = Instance.new("RopeConstraint")
Part112 = Instance.new("Part")
Attachment113 = Instance.new("Attachment")
Part114 = Instance.new("Part")
Part115 = Instance.new("Part")
Part116 = Instance.new("Part")
Part117 = Instance.new("Part")
Part118 = Instance.new("Part")
Part119 = Instance.new("Part")
Part120 = Instance.new("Part")
Attachment121 = Instance.new("Attachment")
Part122 = Instance.new("Part")
Part123 = Instance.new("Part")
Part124 = Instance.new("Part")
Part125 = Instance.new("Part")
Part126 = Instance.new("Part")
Part127 = Instance.new("Part")
Part128 = Instance.new("Part")
Attachment129 = Instance.new("Attachment")
Part130 = Instance.new("Part")
Part131 = Instance.new("Part")
Part132 = Instance.new("Part")
Part133 = Instance.new("Part")
Part134 = Instance.new("Part")
Part135 = Instance.new("Part")
Part136 = Instance.new("Part")
Part137 = Instance.new("Part")
Part138 = Instance.new("Part")
Attachment139 = Instance.new("Attachment")
RopeConstraint140 = Instance.new("RopeConstraint")
Part141 = Instance.new("Part")
Attachment142 = Instance.new("Attachment")
RopeConstraint143 = Instance.new("RopeConstraint")
Part144 = Instance.new("Part")
Part145 = Instance.new("Part")
Part146 = Instance.new("Part")
Part147 = Instance.new("Part")
Part148 = Instance.new("Part")
Part149 = Instance.new("Part")
Part150 = Instance.new("Part")
Part151 = Instance.new("Part")
Model152 = Instance.new("Model")
Part153 = Instance.new("Part")
Part154 = Instance.new("Part")
Part155 = Instance.new("Part")
Attachment156 = Instance.new("Attachment")
ParticleEmitter157 = Instance.new("ParticleEmitter")
Part158 = Instance.new("Part")
Part159 = Instance.new("Part")
Part160 = Instance.new("Part")
Part161 = Instance.new("Part")
Part162 = Instance.new("Part")
Part163 = Instance.new("Part")
Part164 = Instance.new("Part")
Model165 = Instance.new("Model")
Part166 = Instance.new("Part")
Part167 = Instance.new("Part")
Part168 = Instance.new("Part")
Part169 = Instance.new("Part")
Part170 = Instance.new("Part")
Part171 = Instance.new("Part")
Part172 = Instance.new("Part")
Part173 = Instance.new("Part")
Part174 = Instance.new("Part")
Part175 = Instance.new("Part")
Part176 = Instance.new("Part")
Part177 = Instance.new("Part")
Part178 = Instance.new("Part")
Part179 = Instance.new("Part")
Part180 = Instance.new("Part")
Part181 = Instance.new("Part")
Part182 = Instance.new("Part")
Part183 = Instance.new("Part")
Part184 = Instance.new("Part")
Weld185 = Instance.new("Weld")
Part186 = Instance.new("Part")
Part187 = Instance.new("Part")
Part188 = Instance.new("Part")
Part189 = Instance.new("Part")
Seat190 = Instance.new("Seat")
Sound192 = Instance.new("Sound")
Weld193 = Instance.new("Weld")
Weld194 = Instance.new("Weld")
Weld195 = Instance.new("Weld")
Weld196 = Instance.new("Weld")
Weld197 = Instance.new("Weld")
Weld198 = Instance.new("Weld")
Weld199 = Instance.new("Weld")
Weld200 = Instance.new("Weld")
Weld201 = Instance.new("Weld")
Weld202 = Instance.new("Weld")
Weld203 = Instance.new("Weld")
Weld204 = Instance.new("Weld")
Weld205 = Instance.new("Weld")
Weld206 = Instance.new("Weld")
Weld207 = Instance.new("Weld")
Weld208 = Instance.new("Weld")
Weld209 = Instance.new("Weld")
Weld210 = Instance.new("Weld")
Weld211 = Instance.new("Weld")
Weld212 = Instance.new("Weld")
Weld213 = Instance.new("Weld")
Weld214 = Instance.new("Weld")
Weld215 = Instance.new("Weld")
Weld216 = Instance.new("Weld")
Weld217 = Instance.new("Weld")
Weld218 = Instance.new("Weld")
Weld219 = Instance.new("Weld")
Weld220 = Instance.new("Weld")
Weld221 = Instance.new("Weld")
Weld222 = Instance.new("Weld")
Weld223 = Instance.new("Weld")
Weld224 = Instance.new("Weld")
Weld225 = Instance.new("Weld")
Weld226 = Instance.new("Weld")
Weld227 = Instance.new("Weld")
Weld228 = Instance.new("Weld")
Weld229 = Instance.new("Weld")
Weld230 = Instance.new("Weld")
Weld231 = Instance.new("Weld")
Weld232 = Instance.new("Weld")
Weld233 = Instance.new("Weld")
Weld234 = Instance.new("Weld")
Weld235 = Instance.new("Weld")
Weld236 = Instance.new("Weld")
Weld237 = Instance.new("Weld")
Weld238 = Instance.new("Weld")
Weld239 = Instance.new("Weld")
Weld240 = Instance.new("Weld")
Weld241 = Instance.new("Weld")
Weld242 = Instance.new("Weld")
Weld243 = Instance.new("Weld")
Weld244 = Instance.new("Weld")
Weld245 = Instance.new("Weld")
Weld246 = Instance.new("Weld")
Weld247 = Instance.new("Weld")
Weld248 = Instance.new("Weld")
Weld249 = Instance.new("Weld")
Weld250 = Instance.new("Weld")
Weld251 = Instance.new("Weld")
Weld252 = Instance.new("Weld")
Weld253 = Instance.new("Weld")
Weld254 = Instance.new("Weld")
Weld255 = Instance.new("Weld")
Weld256 = Instance.new("Weld")
Weld257 = Instance.new("Weld")
Weld258 = Instance.new("Weld")
Weld259 = Instance.new("Weld")
Weld260 = Instance.new("Weld")
Weld261 = Instance.new("Weld")
Weld262 = Instance.new("Weld")
Weld263 = Instance.new("Weld")
Weld264 = Instance.new("Weld")
Weld265 = Instance.new("Weld")
Weld266 = Instance.new("Weld")
Weld267 = Instance.new("Weld")
Weld268 = Instance.new("Weld")
Weld269 = Instance.new("Weld")
Weld270 = Instance.new("Weld")
Weld271 = Instance.new("Weld")
Weld272 = Instance.new("Weld")
Weld273 = Instance.new("Weld")
Weld274 = Instance.new("Weld")
Weld275 = Instance.new("Weld")
Weld276 = Instance.new("Weld")
Weld277 = Instance.new("Weld")
Weld278 = Instance.new("Weld")
Weld279 = Instance.new("Weld")
Weld280 = Instance.new("Weld")
Weld281 = Instance.new("Weld")
Weld282 = Instance.new("Weld")
Weld283 = Instance.new("Weld")
Weld284 = Instance.new("Weld")
Weld285 = Instance.new("Weld")
Weld286 = Instance.new("Weld")
Weld287 = Instance.new("Weld")
Weld288 = Instance.new("Weld")
Weld289 = Instance.new("Weld")
Weld290 = Instance.new("Weld")
Weld291 = Instance.new("Weld")
Weld292 = Instance.new("Weld")
Weld293 = Instance.new("Weld")
Weld294 = Instance.new("Weld")
Weld295 = Instance.new("Weld")
Weld296 = Instance.new("Weld")
Weld297 = Instance.new("Weld")
Weld298 = Instance.new("Weld")
Weld299 = Instance.new("Weld")
Weld300 = Instance.new("Weld")
Weld301 = Instance.new("Weld")
Weld302 = Instance.new("Weld")
Weld303 = Instance.new("Weld")
Weld304 = Instance.new("Weld")
Weld305 = Instance.new("Weld")
Weld306 = Instance.new("Weld")
Weld307 = Instance.new("Weld")
Weld308 = Instance.new("Weld")
Weld309 = Instance.new("Weld")
Weld310 = Instance.new("Weld")
Weld311 = Instance.new("Weld")
Weld312 = Instance.new("Weld")
Weld313 = Instance.new("Weld")
Weld314 = Instance.new("Weld")
Weld315 = Instance.new("Weld")
Weld316 = Instance.new("Weld")
Weld317 = Instance.new("Weld")
Weld318 = Instance.new("Weld")
Weld319 = Instance.new("Weld")
Weld320 = Instance.new("Weld")
Weld321 = Instance.new("Weld")
Weld322 = Instance.new("Weld")
Weld323 = Instance.new("Weld")
Weld324 = Instance.new("Weld")
Weld325 = Instance.new("Weld")
Weld326 = Instance.new("Weld")
Weld327 = Instance.new("Weld")
Weld328 = Instance.new("Weld")
Weld329 = Instance.new("Weld")
Weld330 = Instance.new("Weld")
Weld331 = Instance.new("Weld")
Weld332 = Instance.new("Weld")
Weld333 = Instance.new("Weld")
Weld334 = Instance.new("Weld")
Weld335 = Instance.new("Weld")
Weld336 = Instance.new("Weld")
Weld337 = Instance.new("Weld")
Weld338 = Instance.new("Weld")
Weld339 = Instance.new("Weld")
Weld340 = Instance.new("Weld")
Weld341 = Instance.new("Weld")
Weld342 = Instance.new("Weld")
Weld343 = Instance.new("Weld")
Weld344 = Instance.new("Weld")
Weld345 = Instance.new("Weld")
Weld346 = Instance.new("Weld")
Weld347 = Instance.new("Weld")
Weld348 = Instance.new("Weld")
Weld349 = Instance.new("Weld")
Weld350 = Instance.new("Weld")
Weld351 = Instance.new("Weld")
Weld352 = Instance.new("Weld")
Weld353 = Instance.new("Weld")
Weld354 = Instance.new("Weld")
Weld355 = Instance.new("Weld")
Weld356 = Instance.new("Weld")
Weld357 = Instance.new("Weld")
Weld358 = Instance.new("Weld")
Weld359 = Instance.new("Weld")
Weld360 = Instance.new("Weld")
Weld361 = Instance.new("Weld")
Weld362 = Instance.new("Weld")
Weld363 = Instance.new("Weld")
Weld364 = Instance.new("Weld")
Weld365 = Instance.new("Weld")
Weld366 = Instance.new("Weld")
Weld367 = Instance.new("Weld")
Weld368 = Instance.new("Weld")
Weld369 = Instance.new("Weld")
Weld370 = Instance.new("Weld")
Weld371 = Instance.new("Weld")
Weld372 = Instance.new("Weld")
Weld373 = Instance.new("Weld")
Weld374 = Instance.new("Weld")
Weld375 = Instance.new("Weld")
Weld376 = Instance.new("Weld")
Weld377 = Instance.new("Weld")
Weld378 = Instance.new("Weld")
Weld379 = Instance.new("Weld")
Weld380 = Instance.new("Weld")
Weld381 = Instance.new("Weld")
Weld382 = Instance.new("Weld")
Weld383 = Instance.new("Weld")
Weld384 = Instance.new("Weld")
Part385 = Instance.new("Part")
Attachment386 = Instance.new("Attachment")
RopeConstraint387 = Instance.new("RopeConstraint")
Part388 = Instance.new("Part")
Part389 = Instance.new("Part")
Part390 = Instance.new("Part")
Part391 = Instance.new("Part")
Part392 = Instance.new("Part")
Attachment393 = Instance.new("Attachment")
WedgePart394 = Instance.new("WedgePart")
Model395 = Instance.new("Model")
Part396 = Instance.new("Part")
Part397 = Instance.new("Part")
Part398 = Instance.new("Part")
Model399 = Instance.new("Model")
Part400 = Instance.new("Part")
Part401 = Instance.new("Part")
Part402 = Instance.new("Part")
Part403 = Instance.new("Part")
Part404 = Instance.new("Part")
Part405 = Instance.new("Part")
Part406 = Instance.new("Part")
Model407 = Instance.new("Model")
Part408 = Instance.new("Part")
Part409 = Instance.new("Part")
Part410 = Instance.new("Part")
Part411 = Instance.new("Part")
Part412 = Instance.new("Part")
Part413 = Instance.new("Part")
Part414 = Instance.new("Part")
Part415 = Instance.new("Part")
Part416 = Instance.new("Part")
Part417 = Instance.new("Part")
Part418 = Instance.new("Part")
Part419 = Instance.new("Part")
Part420 = Instance.new("Part")
Part421 = Instance.new("Part")
Model422 = Instance.new("Model")
Part423 = Instance.new("Part")
Part424 = Instance.new("Part")
Part425 = Instance.new("Part")
Part426 = Instance.new("Part")
Part427 = Instance.new("Part")
Part428 = Instance.new("Part")
Part429 = Instance.new("Part")
Part430 = Instance.new("Part")
Part431 = Instance.new("Part")
Part432 = Instance.new("Part")
Part433 = Instance.new("Part")
Part434 = Instance.new("Part")
Part435 = Instance.new("Part")
Part436 = Instance.new("Part")
Part437 = Instance.new("Part")
Part438 = Instance.new("Part")
Part439 = Instance.new("Part")
Part440 = Instance.new("Part")
Part441 = Instance.new("Part")
Part442 = Instance.new("Part")
Part443 = Instance.new("Part")
Part444 = Instance.new("Part")
Part445 = Instance.new("Part")
Part446 = Instance.new("Part")
Part447 = Instance.new("Part")
Part448 = Instance.new("Part")
Part449 = Instance.new("Part")
Part450 = Instance.new("Part")
Part451 = Instance.new("Part")
Part452 = Instance.new("Part")
Part453 = Instance.new("Part")
Part454 = Instance.new("Part")
Part455 = Instance.new("Part")
Part456 = Instance.new("Part")
Part457 = Instance.new("Part")
Part458 = Instance.new("Part")
Part459 = Instance.new("Part")
Part460 = Instance.new("Part")
Part461 = Instance.new("Part")
Part462 = Instance.new("Part")
Attachment463 = Instance.new("Attachment")
RopeConstraint464 = Instance.new("RopeConstraint")
Part465 = Instance.new("Part")
Attachment466 = Instance.new("Attachment")
Part467 = Instance.new("Part")
Part468 = Instance.new("Part")
Part469 = Instance.new("Part")
Part470 = Instance.new("Part")
Part471 = Instance.new("Part")
Part472 = Instance.new("Part")
Part473 = Instance.new("Part")
Part474 = Instance.new("Part")
Part475 = Instance.new("Part")
Part476 = Instance.new("Part")
Part477 = Instance.new("Part")
Part478 = Instance.new("Part")
Model479 = Instance.new("Model")
Part480 = Instance.new("Part")
Part481 = Instance.new("Part")
Part482 = Instance.new("Part")
Part483 = Instance.new("Part")
Part484 = Instance.new("Part")
Part485 = Instance.new("Part")
WedgePart486 = Instance.new("WedgePart")
Part487 = Instance.new("Part")
Part488 = Instance.new("Part")
Part489 = Instance.new("Part")
Part490 = Instance.new("Part")
Part491 = Instance.new("Part")
Part492 = Instance.new("Part")
Part493 = Instance.new("Part")
Model0.Name = "wart"
Model0.Parent = mas
Model1.Name = "gun1"
Model1.Parent = Model0
Model1.PrimaryPart = Part5
Part2.Parent = Model1
Part2.CFrame = CFrame.new(-18.0685425, 2.76239395, -2.19082355, -0.999999642, 0.00083715067, -1.5737558e-05, 0.000694544695, 0.818870187, -0.573970377, -0.000467610924, -0.573970139, -0.818870485)
Part2.Orientation = Vector3.new(35.029998779296875, -180, 0.05000000074505806)
Part2.Position = Vector3.new(-18.06854248046875, 2.7623939514160156, -2.190823554992676)
Part2.Rotation = Vector3.new(144.97000122070312, 0, -179.9499969482422)
Part2.Color = Color3.new(0.356863, 0.364706, 0.411765)
Part2.Size = Vector3.new(0.4617758095264435, 3.347882032394409, 4.848657131195068)
Part2.BottomSurface = Enum.SurfaceType.Smooth
Part2.Anchored = false
Part2.Material = Enum.Material.Metal
Part2.TopSurface = Enum.SurfaceType.Smooth
Part2.Anchored = false
Part2.Shape = Enum.PartType.Cylinder
Part3.Parent = Model1
Part3.CFrame = CFrame.new(-21.2060547, 2.76559639, -2.18904209, -0.999999642, 0.00083715067, -1.5737558e-05, 0.000694544695, 0.818870187, -0.573970377, -0.000467610924, -0.573970139, -0.818870485)
Part3.Orientation = Vector3.new(35.029998779296875, -180, 0.05000000074505806)
Part3.Position = Vector3.new(-21.2060546875, 2.765596389770508, -2.189042091369629)
Part3.Rotation = Vector3.new(144.97000122070312, 0, -179.9499969482422)
Part3.Color = Color3.new(0.623529, 0.631373, 0.67451)
Part3.Size = Vector3.new(5.772210121154785, 3.1169934272766113, 4.848657131195068)
Part3.BottomSurface = Enum.SurfaceType.Smooth
Part3.Anchored = false
Part3.Material = Enum.Material.Metal
Part3.TopSurface = Enum.SurfaceType.Smooth
Part3.Anchored = false
Part3.Shape = Enum.PartType.Cylinder
Part4.Parent = Model1
Part4.CFrame = CFrame.new(-21.196434, 3.83127022, -0.668541908, -0.999999642, 0.00083715067, -1.5737558e-05, 0.000694544695, 0.818870187, -0.573970377, -0.000467610924, -0.573970139, -0.818870485)
Part4.Orientation = Vector3.new(35.029998779296875, -180, 0.05000000074505806)
Part4.Position = Vector3.new(-21.196434020996094, 3.831270217895508, -0.6685419082641602)
Part4.Rotation = Vector3.new(144.97000122070312, 0, -179.9499969482422)
Part4.Color = Color3.new(0.623529, 0.631373, 0.67451)
Part4.Size = Vector3.new(5.7529683113098145, 3.1169934272766113, 3.71345591545105)
Part4.BottomSurface = Enum.SurfaceType.Smooth
Part4.Anchored = false
Part4.Material = Enum.Material.Metal
Part4.TopSurface = Enum.SurfaceType.Smooth
Part4.Anchored = false
Part5.Parent = Model1
Part5.CFrame = CFrame.new(-21.1951294, 6.72157097, 3.58687782, 4.17700448e-07, 4.21403229e-06, 1, 0.555559158, -0.831471324, 3.27791327e-06, 0.831471324, 0.555559158, -2.69006296e-06)
Part5.Orientation = Vector3.new(0, 90, 146.25)
Part5.Position = Vector3.new(-21.19512939453125, 6.72157096862793, 3.5868778228759766)
Part5.Rotation = Vector3.new(146.25, 90, 0)
Part5.Color = Color3.new(0.356863, 0.364706, 0.411765)
Part5.Size = Vector3.new(4.079028129577637, 4.868733882904053, 7.870282173156738)
Part5.BottomSurface = Enum.SurfaceType.Smooth
Part5.Anchored = false
Part5.Material = Enum.Material.Metal
Part5.TopSurface = Enum.SurfaceType.Smooth
Part5.Anchored = false
Part5.Shape = Enum.PartType.Cylinder
Part6.Parent = Model1
Part6.CFrame = CFrame.new(-18.1614113, 4.89756584, 0.860664368, 0.999999762, -0.000468810555, -0.000494080305, -0.000624487118, -0.341568679, -0.939851701, 0.000271848432, 0.939851761, -0.341568828)
Part6.Orientation = Vector3.new(70.02999877929688, -179.9199981689453, -179.89999389648438)
Part6.Position = Vector3.new(-18.16141128540039, 4.897565841674805, 0.8606643676757812)
Part6.Rotation = Vector3.new(109.97000122070312, -0.029999999329447746, 0.029999999329447746)
Part6.Color = Color3.new(0.14902, 0.152941, 0.172549)
Part6.Size = Vector3.new(1.1159600019454956, 2.347365379333496, 2.0395143032073975)
Part6.BottomSurface = Enum.SurfaceType.Smooth
Part6.Anchored = false
Part6.Material = Enum.Material.Metal
Part6.TopSurface = Enum.SurfaceType.Smooth
Part6.Anchored = false
Part6.Shape = Enum.PartType.Cylinder
Part7.Parent = Model1
Part7.CFrame = CFrame.new(-21.1950951, 4.89946556, 0.859848022, -0.999999642, 0.00083715067, -1.5737558e-05, 0.000694544695, 0.818870187, -0.573970377, -0.000467610924, -0.573970139, -0.818870485)
Part7.Orientation = Vector3.new(35.029998779296875, -180, 0.05000000074505806)
Part7.Position = Vector3.new(-21.19509506225586, 4.899465560913086, 0.8598480224609375)
Part7.Rotation = Vector3.new(144.97000122070312, 0, -179.9499969482422)
Part7.Color = Color3.new(0.356863, 0.364706, 0.411765)
Part7.Size = Vector3.new(6.676522731781006, 2.809142827987671, 3.1169931888580322)
Part7.BottomSurface = Enum.SurfaceType.Smooth
Part7.Anchored = false
Part7.Material = Enum.Material.Metal
Part7.TopSurface = Enum.SurfaceType.Smooth
Part7.Anchored = false
Part7.Shape = Enum.PartType.Cylinder
Part8.Parent = Model1
Part8.CFrame = CFrame.new(-24.3243408, 3.83418083, -0.667678833, -0.999999642, 0.00083715067, -1.5737558e-05, 0.000694544695, 0.818870187, -0.573970377, -0.000467610924, -0.573970139, -0.818870485)
Part8.Orientation = Vector3.new(35.029998779296875, -180, 0.05000000074505806)
Part8.Position = Vector3.new(-24.3243408203125, 3.8341808319091797, -0.6676788330078125)
Part8.Rotation = Vector3.new(144.97000122070312, 0, -179.9499969482422)
Part8.Color = Color3.new(0.356863, 0.364706, 0.411765)
Part8.Size = Vector3.new(0.46177512407302856, 2.809142827987671, 3.71345591545105)
Part8.BottomSurface = Enum.SurfaceType.Smooth
Part8.Anchored = false
Part8.Material = Enum.Material.Metal
Part8.TopSurface = Enum.SurfaceType.Smooth
Part8.Anchored = false
Part9.Parent = Model1
Part9.CFrame = CFrame.new(-21.1952667, 4.91571999, 0.882507324, -0.999999642, 0.00083715067, -1.5737558e-05, 0.000694544695, 0.818870187, -0.573970377, -0.000467610924, -0.573970139, -0.818870485)
Part9.Orientation = Vector3.new(35.029998779296875, -180, 0.05000000074505806)
Part9.Position = Vector3.new(-21.195266723632812, 4.915719985961914, 0.88250732421875)
Part9.Rotation = Vector3.new(144.97000122070312, 0, -179.9499969482422)
Part9.Color = Color3.new(0.207843, 0.211765, 0.239216)
Part9.Size = Vector3.new(6.214743614196777, 3.3863635063171387, 0.13468465209007263)
Part9.BottomSurface = Enum.SurfaceType.Smooth
Part9.Anchored = false
Part9.Material = Enum.Material.Metal
Part9.TopSurface = Enum.SurfaceType.Smooth
Part9.Anchored = false
Part10.Parent = Model1
Part10.CFrame = CFrame.new(-21.1952553, 4.7114296, 0.59100914, -0.999999642, 0.00083715067, -1.5737558e-05, 0.000694544695, 0.818870187, -0.573970377, -0.000467610924, -0.573970139, -0.818870485)
Part10.Orientation = Vector3.new(35.029998779296875, -180, 0.05000000074505806)
Part10.Position = Vector3.new(-21.195255279541016, 4.711429595947266, 0.5910091400146484)
Part10.Rotation = Vector3.new(144.97000122070312, 0, -179.9499969482422)
Part10.Color = Color3.new(0.207843, 0.211765, 0.239216)
Part10.Size = Vector3.new(5.368155002593994, 3.3863635063171387, 0.8465906381607056)
Part10.BottomSurface = Enum.SurfaceType.Smooth
Part10.Anchored = false
Part10.Material = Enum.Material.Metal
Part10.TopSurface = Enum.SurfaceType.Smooth
Part10.Anchored = false
Part11.Parent = Model1
Part11.CFrame = CFrame.new(-18.067688, 3.82985306, -0.664735794, -0.999999642, 0.00083715067, -1.5737558e-05, 0.000694544695, 0.818870187, -0.573970377, -0.000467610924, -0.573970139, -0.818870485)
Part11.Orientation = Vector3.new(35.029998779296875, -180, 0.05000000074505806)
Part11.Position = Vector3.new(-18.06768798828125, 3.829853057861328, -0.6647357940673828)
Part11.Rotation = Vector3.new(144.97000122070312, 0, -179.9499969482422)
Part11.Color = Color3.new(0.356863, 0.364706, 0.411765)
Part11.Size = Vector3.new(0.46177545189857483, 2.809142827987671, 3.71345591545105)
Part11.BottomSurface = Enum.SurfaceType.Smooth
Part11.Anchored = false
Part11.Material = Enum.Material.Metal
Part11.TopSurface = Enum.SurfaceType.Smooth
Part11.Anchored = false
Part12.Parent = Model1
Part12.CFrame = CFrame.new(-21.6309242, 4.89977074, 0.859661102, -0.999999642, 0.000700487173, 0.000447601313, 0.000700270117, 0.999994874, -0.000464028621, -0.000447922532, -0.000463793578, -0.999995232)
Part12.Orientation = Vector3.new(0.029999999329447746, 179.97000122070312, 0.03999999910593033)
Part12.Position = Vector3.new(-21.630924224853516, 4.899770736694336, 0.8596611022949219)
Part12.Rotation = Vector3.new(179.97000122070312, 0.029999999329447746, -179.9600067138672)
Part12.Color = Color3.new(0.14902, 0.152941, 0.172549)
Part12.Size = Vector3.new(5.464358329772949, 2.809142827987671, 2.347365140914917)
Part12.BottomSurface = Enum.SurfaceType.Smooth
Part12.Anchored = false
Part12.Material = Enum.Material.Metal
Part12.TopSurface = Enum.SurfaceType.Smooth
Part12.Anchored = false
Part12.Shape = Enum.PartType.Cylinder
Part13.Parent = Model1
Part13.CFrame = CFrame.new(-21.1951332, 3.74874306, 3.08815193, 1, 1.60399322e-05, -1.56966507e-05, 4.63221659e-06, -0.831718445, -0.555189252, -2.19620051e-05, 0.555189371, -0.831718326)
Part13.Orientation = Vector3.new(33.720001220703125, -180, 180)
Part13.Position = Vector3.new(-21.195133209228516, 3.7487430572509766, 3.0881519317626953)
Part13.Rotation = Vector3.new(146.27999877929688, 0, 0)
Part13.Color = Color3.new(0.623529, 0.631373, 0.67451)
Part13.Size = Vector3.new(4.598527431488037, 0.7311468720436096, 0.11544372886419296)
Part13.BottomSurface = Enum.SurfaceType.Smooth
Part13.Anchored = false
Part13.Material = Enum.Material.Metal
Part13.TopSurface = Enum.SurfaceType.Smooth
Part13.Anchored = false
Part14.Parent = Model1
Part14.CFrame = CFrame.new(-21.1951065, 5.13698006, 2.48604584, 2.58938053e-06, -3.43157762e-06, -1, 0.0481501371, 0.998835504, -3.30902321e-06, 0.998835504, -0.0481501967, 2.75320599e-06)
Part14.Orientation = Vector3.new(0, -90, 2.759999990463257)
Part14.Position = Vector3.new(-21.195106506347656, 5.136980056762695, 2.4860458374023438)
Part14.Rotation = Vector3.new(-2.759999990463257, -90, 0)
Part14.Color = Color3.new(0.623529, 0.631373, 0.67451)
Part14.Size = Vector3.new(1.3462995290756226, 3.5175387859344482, 4.598527431488037)
Part14.BottomSurface = Enum.SurfaceType.Smooth
Part14.Anchored = false
Part14.Material = Enum.Material.Metal
Part14.TopSurface = Enum.SurfaceType.Smooth
Part14.Anchored = false
Part15.Parent = Model1
Part15.CFrame = CFrame.new(-21.1951256, 5.09264374, 1.56647491, 1, 1.60399322e-05, -1.56966507e-05, 4.63221659e-06, -0.831718445, -0.555189252, -2.19620051e-05, 0.555189371, -0.831718326)
Part15.Orientation = Vector3.new(33.720001220703125, -180, 180)
Part15.Position = Vector3.new(-21.195125579833984, 5.092643737792969, 1.5664749145507812)
Part15.Rotation = Vector3.new(146.27999877929688, 0, 0)
Part15.Color = Color3.new(0.623529, 0.631373, 0.67451)
Part15.Size = Vector3.new(4.598527431488037, 3.2709195613861084, 1.3853304386138916)
Part15.BottomSurface = Enum.SurfaceType.Smooth
Part15.Anchored = false
Part15.Material = Enum.Material.Metal
Part15.TopSurface = Enum.SurfaceType.Smooth
Part15.Anchored = false
Part16.Parent = Model1
Part16.CFrame = CFrame.new(-21.1950607, 5.98195457, 2.48005104, 1.97917643e-07, 3.32928312e-06, 1, 0.555558562, -0.83147186, 2.664372e-06, 0.83147186, 0.555558562, -2.01578791e-06)
Part16.Orientation = Vector3.new(0, 90, 146.25)
Part16.Position = Vector3.new(-21.19506072998047, 5.981954574584961, 2.480051040649414)
Part16.Rotation = Vector3.new(146.25, 90, 0)
Part16.Color = Color3.new(0.462745, 0.47451, 0.533333)
Part16.Size = Vector3.new(1.423811435699463, 7.870284557342529, 7.870283126831055)
Part16.BottomSurface = Enum.SurfaceType.Smooth
Part16.Anchored = false
Part16.Material = Enum.Material.Metal
Part16.TopSurface = Enum.SurfaceType.Smooth
Part16.Anchored = false
Part16.Shape = Enum.PartType.Cylinder
Part17.Parent = Model1
Part17.CFrame = CFrame.new(-21.1950607, 6.046278, 2.57627869, 1.97917643e-07, 3.32928312e-06, 1, 0.555558562, -0.83147186, 2.664372e-06, 0.83147186, 0.555558562, -2.01578791e-06)
Part17.Orientation = Vector3.new(0, 90, 146.25)
Part17.Position = Vector3.new(-21.19506072998047, 6.04627799987793, 2.5762786865234375)
Part17.Rotation = Vector3.new(146.25, 90, 0)
Part17.Color = Color3.new(0.121569, 0.12549, 0.141176)
Part17.Size = Vector3.new(1.6546998023986816, 5.099623203277588, 7.870282173156738)
Part17.BottomSurface = Enum.SurfaceType.Smooth
Part17.Anchored = false
Part17.Material = Enum.Material.Metal
Part17.TopSurface = Enum.SurfaceType.Smooth
Part17.Anchored = false
Part17.Shape = Enum.PartType.Cylinder
Part18.Parent = Model1
Part18.CFrame = CFrame.new(-21.195118, 5.65062904, 1.98407936, 4.17700448e-07, 4.21403229e-06, 1, 0.555559158, -0.831471324, 3.27791327e-06, 0.831471324, 0.555559158, -2.69006296e-06)
Part18.Orientation = Vector3.new(0, 90, 146.25)
Part18.Position = Vector3.new(-21.195117950439453, 5.650629043579102, 1.984079360961914)
Part18.Rotation = Vector3.new(146.25, 90, 0)
Part18.Color = Color3.new(0.215686, 0.219608, 0.247059)
Part18.Size = Vector3.new(0.3078506886959076, 7.870284557342529, 7.562431812286377)
Part18.BottomSurface = Enum.SurfaceType.Smooth
Part18.Anchored = false
Part18.Material = Enum.Material.Metal
Part18.TopSurface = Enum.SurfaceType.Smooth
Part18.Anchored = false
Part18.Shape = Enum.PartType.Cylinder
Part19.Parent = Model1
Part19.CFrame = CFrame.new(-14.9481239, 4.89556885, 0.861534119, 0.999999762, -0.000468810555, -0.000494080305, -0.000624487118, -0.341568679, -0.939851701, 0.000271848432, 0.939851761, -0.341568828)
Part19.Orientation = Vector3.new(70.02999877929688, -179.9199981689453, -179.89999389648438)
Part19.Position = Vector3.new(-14.948123931884766, 4.89556884765625, 0.8615341186523438)
Part19.Rotation = Vector3.new(109.97000122070312, -0.029999999329447746, 0.029999999329447746)
Part19.Color = Color3.new(0.14902, 0.152941, 0.172549)
Part19.Size = Vector3.new(7.542355060577393, 2.347365379333496, 1.6547001600265503)
Part19.BottomSurface = Enum.SurfaceType.Smooth
Part19.Anchored = false
Part19.Material = Enum.Material.Metal
Part19.TopSurface = Enum.SurfaceType.Smooth
Part19.Anchored = false
Part19.Shape = Enum.PartType.Cylinder
Part20.Name = "wld"
Part20.Parent = Model1
Part20.CFrame = CFrame.new(-11.52285, 4.89342117, 0.862462997, 0.999999762, -0.000468690181, -0.000494069129, -0.000624444685, -0.341570467, -0.939855993, 0.000271741825, 0.939856112, -0.341570675)
Part20.Orientation = Vector3.new(70.02999877929688, -179.9199981689453, -179.89999389648438)
Part20.Position = Vector3.new(-11.522850036621094, 4.893421173095703, 0.8624629974365234)
Part20.Rotation = Vector3.new(109.97000122070312, -0.029999999329447746, 0.029999999329447746)
Part20.Color = Color3.new(0.14902, 0.152941, 0.172549)
Part20.Size = Vector3.new(0.17039498686790466, 2.8091354370117188, 1.8855836391448975)
Part20.BottomSurface = Enum.SurfaceType.Smooth
Part20.Anchored = false
Part20.Material = Enum.Material.Metal
Part20.TopSurface = Enum.SurfaceType.Smooth
Part20.Anchored = false
Part20.Shape = Enum.PartType.Cylinder
Part21.Parent = Model1
Part21.CFrame = CFrame.new(-24.3252029, 2.76672554, -2.19373989, -0.999999642, 0.00083715067, -1.5737558e-05, 0.000694544695, 0.818870187, -0.573970377, -0.000467610924, -0.573970139, -0.818870485)
Part21.Orientation = Vector3.new(35.029998779296875, -180, 0.05000000074505806)
Part21.Position = Vector3.new(-24.32520294189453, 2.766725540161133, -2.193739891052246)
Part21.Rotation = Vector3.new(144.97000122070312, 0, -179.9499969482422)
Part21.Color = Color3.new(0.356863, 0.364706, 0.411765)
Part21.Size = Vector3.new(0.4617758095264435, 3.347882032394409, 4.848657131195068)
Part21.BottomSurface = Enum.SurfaceType.Smooth
Part21.Anchored = false
Part21.Material = Enum.Material.Metal
Part21.TopSurface = Enum.SurfaceType.Smooth
Part21.Anchored = false
Part21.Shape = Enum.PartType.Cylinder
Model22.Name = "gunner1"
Model22.Parent = Model0
Model22.PrimaryPart = Part40
Part23.Parent = Model22
Part23.CFrame = CFrame.new(4.16504288, 4.88361979, 0.86673367, 0.999999881, -0.000468925602, -0.000494083506, -0.000624499109, -0.341569752, -0.939854681, 0.000271852652, 0.93985492, -0.341569752)
Part23.Orientation = Vector3.new(70.02999877929688, -179.9199981689453, -179.89999389648438)
Part23.Position = Vector3.new(4.165042877197266, 4.883619785308838, 0.8667336702346802)
Part23.Rotation = Vector3.new(109.97000122070312, -0.029999999329447746, 0.029999999329447746)
Part23.Color = Color3.new(0.356863, 0.364706, 0.411765)
Part23.Size = Vector3.new(0.09620273858308792, 0.962032675743103, 0.7696260809898376)
Part23.BottomSurface = Enum.SurfaceType.Smooth
Part23.Anchored = false
Part23.Material = Enum.Material.Metal
Part23.TopSurface = Enum.SurfaceType.Smooth
Part23.Anchored = false
Part23.Shape = Enum.PartType.Cylinder
Part24.Parent = Model22
Part24.CFrame = CFrame.new(0.165064812, 4.88610268, 0.865638316, 0.999999881, -0.000468926475, -0.000494082691, -0.000624499109, -0.34157142, -0.939854145, 0.000271852652, 0.939854443, -0.341571361)
Part24.Orientation = Vector3.new(70.02999877929688, -179.9199981689453, -179.89999389648438)
Part24.Position = Vector3.new(0.16506481170654297, 4.886102676391602, 0.8656383156776428)
Part24.Rotation = Vector3.new(109.97000122070312, -0.029999999329447746, 0.029999999329447746)
Part24.Color = Color3.new(0.623529, 0.631373, 0.67451)
Part24.Size = Vector3.new(0.8703093528747559, 1.1328260898590088, 1.4206452369689941)
Part24.BottomSurface = Enum.SurfaceType.Smooth
Part24.Anchored = false
Part24.Material = Enum.Material.Metal
Part24.TopSurface = Enum.SurfaceType.Smooth
Part24.Anchored = false
Part24.Shape = Enum.PartType.Cylinder
Part25.Parent = Model22
Part25.CFrame = CFrame.new(0.703787804, 4.88576794, 0.8657915, 0.999999881, -0.000468926475, -0.000494082691, -0.000624499109, -0.34157142, -0.939854145, 0.000271852652, 0.939854443, -0.341571361)
Part25.Orientation = Vector3.new(70.02999877929688, -179.9199981689453, -179.89999389648438)
Part25.Position = Vector3.new(0.7037878036499023, 4.885767936706543, 0.8657914996147156)
Part25.Rotation = Vector3.new(109.97000122070312, -0.029999999329447746, 0.029999999329447746)
Part25.Color = Color3.new(0.137255, 0.137255, 0.156863)
Part25.Size = Vector3.new(0.25460848212242126, 1.2097890377044678, 1.4206452369689941)
Part25.BottomSurface = Enum.SurfaceType.Smooth
Part25.Anchored = false
Part25.Material = Enum.Material.Metal
Part25.TopSurface = Enum.SurfaceType.Smooth
Part25.Anchored = false
Part25.Shape = Enum.PartType.Cylinder
Part26.Parent = Model22
Part26.CFrame = CFrame.new(1.86575031, 4.88503599, 0.866091013, 0.999999881, -0.000468925602, -0.000494083506, -0.000624499109, -0.341569752, -0.939854681, 0.000271852652, 0.93985492, -0.341569752)
Part26.Orientation = Vector3.new(70.02999877929688, -179.9199981689453, -179.89999389648438)
Part26.Position = Vector3.new(1.8657503128051758, 4.885035991668701, 0.8660910129547119)
Part26.Rotation = Vector3.new(109.97000122070312, -0.029999999329447746, 0.029999999329447746)
Part26.Color = Color3.new(0.356863, 0.364706, 0.411765)
Part26.Size = Vector3.new(4.694718360900879, 0.962032675743103, 0.7311446666717529)
Part26.BottomSurface = Enum.SurfaceType.Smooth
Part26.Anchored = false
Part26.Material = Enum.Material.Metal
Part26.TopSurface = Enum.SurfaceType.Smooth
Part26.Anchored = false
Part26.Shape = Enum.PartType.Cylinder
Part27.Parent = Model22
Part27.CFrame = CFrame.new(-0.303717613, 4.88639355, 0.865510166, 0.999999881, -0.000468925602, -0.000494083506, -0.000624499109, -0.341569752, -0.939854681, 0.000271852652, 0.93985492, -0.341569752)
Part27.Orientation = Vector3.new(70.02999877929688, -179.9199981689453, -179.89999389648438)
Part27.Position = Vector3.new(-0.30371761322021484, 4.8863935470581055, 0.8655101656913757)
Part27.Rotation = Vector3.new(109.97000122070312, -0.029999999329447746, 0.029999999329447746)
Part27.Color = Color3.new(0.0666667, 0.0666667, 0.0666667)
Part27.Size = Vector3.new(0.3848123252391815, 0.962032675743103, 0.6541820764541626)
Part27.BottomSurface = Enum.SurfaceType.Smooth
Part27.Anchored = false
Part27.Material = Enum.Material.Neon
Part27.TopSurface = Enum.SurfaceType.Smooth
Part27.Anchored = false
Part27.Shape = Enum.PartType.Cylinder
Part28.Parent = Model22
Part28.CFrame = CFrame.new(-0.37369442, 4.8864336, 0.865512192, 0.999999881, -0.000468926475, -0.000494082691, -0.000624499109, -0.34157142, -0.939854145, 0.000271852652, 0.939854443, -0.341571361)
Part28.Orientation = Vector3.new(70.02999877929688, -179.9199981689453, -179.89999389648438)
Part28.Position = Vector3.new(-0.37369441986083984, 4.8864336013793945, 0.8655121922492981)
Part28.Rotation = Vector3.new(109.97000122070312, -0.029999999329447746, 0.029999999329447746)
Part28.Color = Color3.new(0.137255, 0.137255, 0.156863)
Part28.Size = Vector3.new(0.25460848212242126, 1.2097890377044678, 1.4206452369689941)
Part28.BottomSurface = Enum.SurfaceType.Smooth
Part28.Anchored = false
Part28.Material = Enum.Material.Metal
Part28.TopSurface = Enum.SurfaceType.Smooth
Part28.Anchored = false
Part28.Shape = Enum.PartType.Cylinder
Part29.Name = "Main"
Part29.Parent = Model22
Part29.CFrame = CFrame.new(-4.27472448, 4.88890696, 0.864428222, 0.999999881, -0.000468925602, -0.000494083506, -0.000624499109, -0.341569752, -0.939854681, 0.000271852652, 0.93985492, -0.341569752)
Part29.Orientation = Vector3.new(70.02999877929688, -179.9199981689453, -179.89999389648438)
Part29.Position = Vector3.new(-4.27472448348999, 4.888906955718994, 0.8644282221794128)
Part29.Rotation = Vector3.new(109.97000122070312, -0.029999999329447746, 0.029999999329447746)
Part29.Color = Color3.new(0.270588, 0.278431, 0.313726)
Part29.Size = Vector3.new(7.580814838409424, 0.962032675743103, 0.962032675743103)
Part29.BottomSurface = Enum.SurfaceType.Smooth
Part29.Anchored = false
Part29.Material = Enum.Material.Metal
Part29.TopSurface = Enum.SurfaceType.Smooth
Part29.Anchored = false
Part29.Shape = Enum.PartType.Cylinder
Part30.Parent = Model22
Part30.CFrame = CFrame.new(-8.12944603, 4.89131546, 0.86339879, 0.999999881, -0.000468926068, -0.000494084379, -0.00062449713, -0.341569245, -0.939853132, 0.000271852128, 0.93985343, -0.341569155)
Part30.Orientation = Vector3.new(70.02999877929688, -179.9199981689453, -179.89999389648438)
Part30.Position = Vector3.new(-8.129446029663086, 4.891315460205078, 0.8633987903594971)
Part30.Rotation = Vector3.new(109.97000122070312, -0.029999999329447746, 0.029999999329447746)
Part30.Color = Color3.new(0.356863, 0.364706, 0.411765)
Part30.Size = Vector3.new(0.07696055620908737, 1.5777331590652466, 1.6546958684921265)
Part30.BottomSurface = Enum.SurfaceType.Smooth
Part30.Anchored = false
Part30.Material = Enum.Material.Metal
Part30.TopSurface = Enum.SurfaceType.Smooth
Part30.Anchored = false
Part30.Shape = Enum.PartType.Cylinder
Part31.Parent = Model22
Part31.CFrame = CFrame.new(-8.7202282, 4.89167881, 0.863219857, 0.999999881, -0.000680937723, -1.81300275e-05, -0.000624490436, -0.905887127, -0.423511654, 0.000271855708, 0.423511803, -0.905887365)
Part31.Orientation = Vector3.new(25.059999465942383, -180, -179.9600067138672)
Part31.Position = Vector3.new(-8.72022819519043, 4.891678810119629, 0.8632198572158813)
Part31.Rotation = Vector3.new(154.94000244140625, 0, 0.03999999910593033)
Part31.Color = Color3.new(0.356863, 0.364706, 0.411765)
Part31.Size = Vector3.new(1.0967150926589966, 1.5392521619796753, 0.07696248590946198)
Part31.BottomSurface = Enum.SurfaceType.Smooth
Part31.Anchored = false
Part31.Material = Enum.Material.Metal
Part31.TopSurface = Enum.SurfaceType.Smooth
Part31.Anchored = false
Part32.Parent = Model22
Part32.CFrame = CFrame.new(-8.7202282, 4.89167881, 0.863219857, 0.999999881, -0.000494074833, 0.000468936225, -0.00062449713, -0.939846039, 0.341588497, 0.000271852128, -0.341588497, -0.939846396)
Part32.Orientation = Vector3.new(-19.969999313354492, 179.97000122070312, -179.9600067138672)
Part32.Position = Vector3.new(-8.72022819519043, 4.891678810119629, 0.8632198572158813)
Part32.Rotation = Vector3.new(-160.02999877929688, 0.029999999329447746, 0.029999999329447746)
Part32.Color = Color3.new(0.356863, 0.364706, 0.411765)
Part32.Size = Vector3.new(1.0967150926589966, 1.5392521619796753, 0.07696248590946198)
Part32.BottomSurface = Enum.SurfaceType.Smooth
Part32.Anchored = false
Part32.Material = Enum.Material.Metal
