local m = {
	["H1"] = {
		{
			0.0000018999853637069464,
			CFrame.new(0, 0, 0, 1, 0, 0, 0, 0.860591233, -0.509296298, 0, 0.509296298, 0.860591233),
			CFrame.new(0, 1.34793139, -0.359088898, 1, 0, 0, 0, 0.695862889, 0.718174696, 0, -0.718174696, 0.695862889),
			CFrame.new(1.51287079, 0.0649185181, -0.218328476, 0.954457283, -0.0712849945, 0.28970626, 0.114208169, 0.984370887, -0.134052783, -0.275622517, 0.161034465, 0.947681367),
			CFrame.new(-1.39456177, 1.06253672, -0.166955948, 0.953312516, -0.164189935, 0.253449678, -0.140909612, -0.984163105, -0.107551098, 0.267094672, 0.06681633, -0.961351097),
			CFrame.new(0.442195892, -1.45916748, -0.174808502, 0.982294321, 0.0666576549, -0.175084725, -0.0262627602, 0.974327326, 0.223598093, 0.185494408, -0.215040952, 0.958827019),
			CFrame.new(-0.505981445, -1.97822762, -0.221399307, 0.98807925, 2.1136535e-05, 0.153945968, 0.0223384909, 0.989396334, -0.143511951, -0.152316615, 0.145240098, 0.977601528),
		},
		{
			0.07174339998164214,
			CFrame.new(0, 0, 0, 1, 0, 0, 0, 0.860089362, -0.510143399, 0, 0.510143399, 0.860089362),
			CFrame.new(7.2479248e-05, 1.34826756, -0.358760834, 1, 0.000146753548, -0.000125382823, -1.22541751e-05, 0.696535707, 0.717522025, 0.00019263252, -0.717522025, 0.696535707),
			CFrame.new(1.51287842, 0.0644006729, -0.21792984, 0.954613805, -0.071141094, 0.289225578, 0.114184439, 0.98427546, -0.134772241, -0.2750898, 0.161680549, 0.94772613),
			CFrame.new(-1.39488983, 1.06248665, -0.166341782, 0.953525126, -0.1637422, 0.25293979, -0.140696943, -0.984277129, -0.106783152, 0.266447783, 0.0662325323, -0.961571038),
			CFrame.new(0.442943573, -1.45959663, -0.174777985, 0.982065976, 0.0660252422, -0.176598653, -0.0251781717, 0.974214256, 0.22421512, 0.186848819, -0.215747595, 0.958405137),
			CFrame.new(-0.506328583, -1.97847176, -0.221088409, 0.988043189, 0.000349894341, 0.154177099, 0.0219807029, 0.989462733, -0.143108904, -0.152602583, 0.144786656, 0.977624297),
		},
		{
			0.10395739998784848,
			CFrame.new(0, 0, 0, 1, 0, 0, 0, 0.858532548, -0.51275903, 0, 0.51275903, 0.858532548),
			CFrame.new(0.000431060791, 1.34924126, -0.357814789, 0.999999523, 0.000858497457, -0.000481327414, -0.000255194929, 0.698482573, 0.715626955, 0.000950562768, -0.715626478, 0.698482573),
			CFrame.new(1.51285553, 0.0628824234, -0.216878891, 0.955032527, -0.0706844777, 0.287952393, 0.114134833, 0.983972788, -0.137004793, -0.273653269, 0.163709462, 0.947793722),
			CFrame.new(-1.39586639, 1.06233406, -0.164533615, 0.954136729, -0.162403777, 0.251491517, -0.140051097, -0.984615624, -0.104486197, 0.264591455, 0.0644724667, -0.962202907),
			CFrame.new(0.445266724, -1.4609251, -0.174669266, 0.98136735, 0.0640494972, -0.181151211, -0.0218338519, 0.973871231, 0.226048529, 0.190896258, -0.217881441, 0.957123995),
			CFrame.new(-0.507209778, -1.97911549, -0.220205307, 0.987918615, 0.00117017806, 0.154968888, 0.0210845619, 0.989658237, -0.141885847, -0.153532296, 0.143439114, 0.977677286),
		},
		{
			0.28019449999555945,
			CFrame.new(0, 0, 0, 1, 0, 0, 0, 0.857220888, -0.514948845, 0, 0.514948845, 0.857220888),
			CFrame.new(0.000720977783, 1.3500433, -0.357027054, 0.999998569, 0.00144173251, -0.000869081006, -0.000388769608, 0.700089097, 0.714055419, 0.00163791096, -0.714054108, 0.700088501),
			CFrame.new(1.51285172, 0.0616025925, -0.21598053, 0.955388069, -0.0703219697, 0.286859572, 0.114117801, 0.983706355, -0.138920277, -0.272416413, 0.16545856, 0.947846293),
			CFrame.new(-1.39669418, 1.06219673, -0.16299057, 0.954653978, -0.161263004, 0.250258774, -0.139495745, -0.984900594, -0.102525264, 0.263013542, 0.0629661381, -0.962735236),
			CFrame.new(0.447162628, -1.46200943, -0.17461586, 0.980762839, 0.0624567345, -0.184941694, -0.019094862, 0.973584175, 0.227527678, 0.194266975, -0.219619304, 0.956047952),
			CFrame.new(-0.507926941, -1.97966862, -0.219348907, 0.987818182, 0.00183522445, 0.155601695, 0.020333603, 0.989834785, -0.140760124, -0.154278323, 0.142209321, 0.977739573),
		},
		{
			0.3124940999841783,
			CFrame.new(0, 0, 0, 1, 0, 0, 0, 0.854148507, -0.520029128, 0, 0.520029128, 0.854148507),
			CFrame.new(0.00140380859, 1.35195065, -0.355144501, 0.999994755, 0.00280905655, -0.00163466553, -0.000816210522, 0.703902781, 0.710295856, 0.00314590684, -0.71029073, 0.70390135),
			CFrame.new(1.51285553, 0.0585889816, -0.213819504, 0.956222296, -0.069498755, 0.284268945, 0.114055522, 0.983083129, -0.143312842, -0.269499987, 0.16946131, 0.947972834),
			CFrame.new(-1.39860153, 1.06188297, -0.159387589, 0.955846727, -0.158645436, 0.247363493, -0.138222411, -0.985544086, -0.09796381, 0.25932917, 0.0594471991, -0.963957667),
			CFrame.new(0.451595306, -1.46451187, -0.174406052, 0.979293227, 0.0587562099, -0.193733022, -0.0126807764, 0.972880423, 0.230959862, 0.202049449, -0.223720729, 0.953480422),
			CFrame.new(-0.509700775, -1.98096561, -0.217512131, 0.987569213, 0.00348568219, 0.157146141, 0.0185080394, 0.990220666, -0.138276011, -0.156091332, 0.13946569, 0.97784698),
		},
		{
			0.3693603999854531,
			CFrame.new(0, 0, 0, 1, 0, 0, 0, 0.851984262, -0.523567379, 0, 0.523567379, 0.851984262),
			CFrame.new(0.00188446045, 1.35328484, -0.353816986, 0.999990404, 0.00377112022, -0.00222095102, -0.00109292485, 0.706568897, 0.707643449, 0.0042378637, -0.707634211, 0.706566215),
			CFrame.new(1.51284027, 0.0564813614, -0.212352753, 0.956791997, -0.0688944161, 0.282493621, 0.113983296, 0.982634902, -0.146411121, -0.267501205, 0.172284514, 0.948030114),
			CFrame.new(-1.39987946, 1.06166506, -0.156936646, 0.956650257, -0.156893164, 0.24536626, -0.137364775, -0.985965431, -0.0948833823, 0.256809175, 0.0570655763, -0.96477592),
			CFrame.new(0.454589844, -1.46618462, -0.174249649, 0.978245258, 0.0562856272, -0.199670002, -0.00834266096, 0.972384453, 0.23323527, 0.20728381, -0.226495504, 0.951700151),
			CFrame.new(-0.510921478, -1.98186874, -0.216182709, 0.987393379, 0.0046197474, 0.158218026, 0.0172388107, 0.990489483, -0.136503458, -0.157343924, 0.137510091, 0.977923214),
		},
		{
			0.39377549997880124,
			CFrame.new(0, 0, 0, 1, 0, 0, 0, 0.848107994, -0.529823422, 0, 0.529823422, 0.848107994),
			CFrame.new(0.00272369385, 1.3556366, -0.351448059, 0.999979854, 0.00544838421, -0.0032679392, -0.0015782516, 0.711274385, 0.702912688, 0.00615414046, -0.702893376, 0.711268604),
			CFrame.new(1.51285934, 0.0526990891, -0.209621429, 0.957836807, -0.0678916797, 0.279176325, 0.113887116, 0.981800199, -0.151979983, -0.263777256, 0.177366555, 0.948136449),
			CFrame.new(-1.40217209, 1.06124783, -0.152505875, 0.958079517, -0.153735131, 0.24176392, -0.135793343, -0.986704111, -0.0893033147, 0.252278477, 0.0527296662, -0.966217041),
			CFrame.new(0.459880829, -1.46909428, -0.173856735, 0.976321101, 0.0519604087, -0.209993497, -0.000690460205, 0.97146821, 0.237168431, 0.216325387, -0.231407553, 0.948500931),
			CFrame.new(-0.513149261, -1.98348141, -0.213867188, 0.987074137, 0.00668771472, 0.160124972, 0.0149289966, 0.990947604, -0.133415967, -0.159567729, 0.13408196, 0.978038967),
		},
		{
			0.4341948999790475,
			CFrame.new(0, 0, 0, 1, 0, 0, 0, 0.846246719, -0.532791257, 0, 0.532791257, 0.846246719),
			CFrame.new(0.00313186646, 1.35674763, -0.350315094, 0.999973595, 0.00626385864, -0.00368707022, -0.0018859338, 0.713497698, 0.700655103, 0.00701952027, -0.700629592, 0.713490665),
			CFrame.new(1.51282883, 0.0508437157, -0.208343506, 0.958330631, -0.0673327446, 0.277612478, 0.113767587, 0.981388748, -0.154702604, -0.262029201, 0.179839522, 0.948155344),
			CFrame.new(-1.40324783, 1.06103945, -0.150419235, 0.958743095, -0.152247891, 0.240067065, -0.135037094, -0.987041712, -0.0866805911, 0.250153154, 0.0506864488, -0.966878653),
			CFrame.new(0.462303162, -1.47042179, -0.173723221, 0.975373328, 0.0500119701, -0.214815557, 0.00283121318, 0.971033812, 0.238925099, 0.220542312, -0.233649343, 0.946978986),
			CFrame.new(-0.514198303, -1.98425102, -0.212705612, 0.98691082, 0.00765485223, 0.161085218, 0.013835907, 0.991170526, -0.131868422, -0.160672367, 0.132371098, 0.97809118),
		},
		{
			0.5326706999912858,
			CFrame.new(0, 0, 0, 1, 0, 0, 0, 0.842926145, -0.538029253, 0, 0.538029253, 0.842926145),
			CFrame.new(0.00386428833, 1.3587327, -0.348276138, 0.999959588, 0.00773233827, -0.00459538866, -0.00234666932, 0.717464685, 0.696590841, 0.00868330523, -0.696551919, 0.717453837),
			CFrame.new(1.51282501, 0.0475783348, -0.206026077, 0.959212065, -0.0664471984, 0.274767131, 0.113635257, 0.980626822, -0.15955469, -0.258842051, 0.184269994, 0.94817996),
			CFrame.new(-1.40517044, 1.06063032, -0.146726608, 0.959918678, -0.149574578, 0.237029746, -0.133632421, -0.987628579, -0.0820481181, 0.24636969, 0.0470846593, -0.968031466),
			CFrame.new(0.46654129, -1.47270441, -0.173336029, 0.973673761, 0.0466208309, -0.223127708, 0.00900363177, 0.970231235, 0.242012173, 0.227768302, -0.237649888, 0.944269061),
			CFrame.new(-0.516109467, -1.98563242, -0.21064949, 0.986634135, 0.00942526292, 0.162678301, 0.0118290782, 0.991549015, -0.129191101, -0.162521169, 0.12938875, 0.9781847),
		},
		{
			0.5532062999845948,
			CFrame.new(0, 0, 0, 1, 0, 0, 0, 0.837017357, -0.547176301, 0, 0.547176301, 0.837017357),
			CFrame.new(0.00514602661, 1.36220932, -0.344642639, 0.999927878, 0.0102894856, -0.00620555226, -0.00317629054, 0.724417508, 0.689354181, 0.0115885111, -0.689284623, 0.724397957),
			CFrame.new(1.51281738, 0.0417470932, -0.201871872, 0.960755229, -0.0648878515, 0.269701481, 0.113325194, 0.979233801, -0.168101907, -0.25319308, 0.192068815, 0.948157549),
			CFrame.new(-1.40839386, 1.05993271, -0.140312195, 0.961877227, -0.145086795, 0.231823877, -0.131286874, -0.988580704, -0.0739707649, 0.239908814, 0.0407153368, -0.969941258),
			CFrame.new(0.47360611, -1.47644711, -0.172637939, 0.970645607, 0.0410726666, -0.236981347, 0.019310914, 0.968820989, 0.24700734, 0.239737779, -0.24433291, 0.939588845),
			CFrame.new(-0.519332886, -1.98797607, -0.207015991, 0.986105621, 0.0123849167, 0.165657282, 0.00843570381, 0.992196918, -0.124394089, -0.165905267, 0.124063164, 0.978306472),
		},
		{
			0.5945767999801319,
			CFrame.new(0, 0, 0, 1, 0, 0, 0, 0.834245622, -0.551393032, 0, 0.551393032, 0.834245622),
			CFrame.new(0.0057144165, 1.36382675, -0.342924118, 0.999910831, 0.0114271529, -0.00690995203, -0.00357555086, 0.727653861, 0.685935318, 0.0128663406, -0.685849428, 0.727629781),
			CFrame.new(1.5128479, 0.0390329361, -0.199914932, 0.961460352, -0.0642454401, 0.267332137, 0.113243513, 0.978545785, -0.172115564, -0.250539124, 0.195755959, 0.948108494),
			CFrame.new(-1.40988159, 1.05957317, -0.137376785, 0.962772369, -0.143006891, 0.229388192, -0.130152076, -0.988998294, -0.0703035593, 0.236918479, 0.0378310084, -0.97079277),
			CFrame.new(0.476810455, -1.47812271, -0.172290802, 0.969235718, 0.0385704152, -0.243093565, 0.0239571184, 0.96817255, 0.249134332, 0.244965762, -0.247293741, 0.937463462),
			CFrame.new(-0.520927429, -1.98909473, -0.205364227, 0.985848308, 0.0138501069, 0.167066753, 0.0067672208, 0.992480993, -0.122211069, -0.167503238, 0.121612072, 0.978342056),
		},
		{
			0.6337132999906316,
			CFrame.new(0, 0, 0, 1, 0, 0, 0, 0.830132484, -0.557566166, 0, 0.557566166, 0.830132484),
			CFrame.new(0.00657272339, 1.36623144, -0.340339661, 0.999881029, 0.0131429993, -0.00807477813, -0.00412999699, 0.7324633, 0.680793941, 0.0148621537, -0.680679619, 0.732430398),
			CFrame.new(1.5128479, 0.0349178314, -0.196979523, 0.962516308, -0.0631841868, 0.26376158, 0.112983227, 0.977497637, -0.178137422, -0.246570885, 0.201260805, 0.947996318),
			CFrame.new(-1.41201019, 1.05905151, -0.133075714, 0.964053392, -0.140035003, 0.225811243, -0.128527388, -0.989576221, -0.0649571121, 0.23255372, 0.0335991979, -0.972003043),
			CFrame.new(0.481208801, -1.48039246, -0.171777725, 0.967143595, 0.0352184325, -0.251779348, 0.0304219946, 0.967209935, 0.252149463, 0.252403826, -0.251524359, 0.93435955),
			CFrame.new(-0.523220062, -1.99073601, -0.202774048, 0.985468566, 0.0159555208, 0.16910696, 0.00432226807, 0.992900312, -0.118869781, -0.169802994, 0.11787346, 0.978403211),
		},
		{
			0.679456299985759,
			CFrame.new(0, 0, 0, 1, 0, 0, 0, 0.826299727, -0.563230634, 0, 0.563230634, 0.826299727),
			CFrame.new(0.00736999512, 1.36843348, -0.337938309, 0.999850035, 0.0147425747, -0.00908238254, -0.00472418638, 0.736868799, 0.676019192, 0.0166587867, -0.675874889, 0.736828089),
			CFrame.new(1.51283646, 0.0310430527, -0.194242477, 0.963500142, -0.0621798225, 0.260386497, 0.112706415, 0.976468444, -0.18386513, -0.242826506, 0.206501335, 0.947835684),
			CFrame.new(-1.41396713, 1.0585289, -0.129127502, 0.965214372, -0.137277514, 0.222523227, -0.126973242, -0.990087152, -0.0600403249, 0.228559643, 0.029697299, -0.97307694),
			CFrame.new(0.485042572, -1.48235035, -0.171325684, 0.965237081, 0.0323371477, -0.259367883, 0.0360698253, 0.966343284, 0.25471428, 0.258875191, -0.255215079, 0.931584001),
			CFrame.new(-0.525417328, -1.99227715, -0.200374603, 0.985087156, 0.0179619789, 0.171116039, 0.00199304521, 0.993277729, -0.115737557, -0.17204465, 0.114352554, 0.978429437),
		},
		{
			0.7198258999851532,
			CFrame.new(0, 0, 0, 1, 0, 0, 0, 0.821458459, -0.570268333, 0, 0.570268333, 0.821458459),
			CFrame.new(0.00841522217, 1.37117481, -0.33490181, 0.999803722, 0.0168276634, -0.0104532726, -0.0054894737, 0.742348731, 0.669991136, 0.0190343596, -0.669802248, 0.742295504),
			CFrame.new(1.51285172, 0.0261220932, -0.190700531, 0.964738667, -0.0609699115, 0.256050795, 0.112334304, 0.9751302, -0.191054523, -0.238034323, 0.213080913, 0.947595),
			CFrame.new(-1.41633606, 1.05787659, -0.124238968, 0.96661061, -0.133935019, 0.218461603, -0.125076562, -0.990678966, -0.0539512634, 0.22365132, 0.0248254538, -0.974352956),
			CFrame.new(0.489643097, -1.48465919, -0.170684814, 0.962941647, 0.0288877916, -0.268158376, 0.042788431, 0.965293348, 0.257638723, 0.266294122, -0.259565055, 0.928285182),
			CFrame.new(-0.528190613, -1.99420738, -0.197324753, 0.984607279, 0.0204937384, 0.173575759, -0.000969871879, 0.993727207, -0.111825824, -0.1747787, 0.109936178, 0.978451014),
		},
		{
			0.7686615999846254,
			CFrame.new(0, 0, 0, 1, 0, 0, 0, 0.816994786, -0.576645017, 0, 0.576645017, 0.816994786),
			CFrame.new(0.00930404663, 1.37370014, -0.332056046, 0.99975872, 0.0186113659, -0.0116705485, -0.0061584441, 0.747403264, 0.664342046, 0.0210869182, -0.664109826, 0.74733752),
			CFrame.new(1.51287842, 0.0215196609, -0.187376022, 0.965891063, -0.0598748997, 0.251931429, 0.111972578, 0.973814487, -0.197856516, -0.233487844, 0.219317317, 0.947303176),
			CFrame.new(-1.4184494, 1.05724812, -0.119878769, 0.967846215, -0.13094458, 0.214772955, -0.123323381, -0.991177201, -0.0485687256, 0.219237864, 0.0205205381, -0.975455582),
			CFrame.new(0.493473053, -1.48655987, -0.170122147, 0.960920155, 0.026068734, -0.275595367, 0.0484284908, 0.964372635, 0.260076463, 0.272556514, -0.263259411, 0.925422788),
			CFrame.new(-0.530788422, -1.99599457, -0.194488525, 0.984145939, 0.0228603203, 0.175881207, -0.00375433266, 0.994121313, -0.108204484, -0.177320883, 0.105828702, 0.978446484),
		},
		{
			0.8161942999868188,
			CFrame.new(0, 0, 0, 1, 0, 0, 0, 0.812079251, -0.583547115, 0, 0.583547115, 0.812079251),
			CFrame.new(0.010345459, 1.37646627, -0.328886032, 0.999699891, 0.0206889994, -0.0131165255, -0.00694806967, 0.752933621, 0.658059835, 0.0234904699, -0.65777117, 0.752851367),
			CFrame.new(1.51290512, 0.0163230896, -0.183635712, 0.967158198, -0.0586578362, 0.24731411, 0.111515626, 0.972284317, -0.205492347, -0.228405923, 0.226322979, 0.946894109),
			CFrame.new(-1.4207077, 1.05654192, -0.115169525, 0.969147146, -0.127733201, 0.210801125, -0.121405527, -0.991682053, -0.0427457988, 0.214507744, 0.0158345103, -0.976593792),
			CFrame.new(0.497268677, -1.48841858, -0.169519424, 0.95886004, 0.0233016517, -0.282921255, 0.0540228188, 0.963434696, 0.262440324, 0.278691471, -0.266927779, 0.922540247),
			CFrame.new(-0.533634186, -1.99795723, -0.191242218, 0.983617246, 0.0254426729, 0.178465143, -0.00683778524, 0.994543254, -0.104099303, -0.180139869, 0.10117355, 0.978423893),
		},
		{
			0.8492142999893986,
			CFrame.new(0, 0, 0, 1, 0, 0, 0, 0.807165563, -0.590325117, 0, 0.590325117, 0.807165563),
			CFrame.new(0.0113677979, 1.37922287, -0.325670242, 0.999636114, 0.0227318034, -0.014519969, -0.00778112374, 0.758444846, 0.651690662, 0.0258267019, -0.651340544, 0.758345842),
			CFrame.new(1.51293564, 0.0110273361, -0.179800034, 0.968428016, -0.057453908, 0.24258247, 0.110999867, 0.970675468, -0.213231713, -0.22321789, 0.233426183, 0.946406841),
			CFrame.new(-1.4228363, 1.05584717, -0.110643387, 0.970365703, -0.12469136, 0.206985176, -0.119564176, -0.992131114, -0.0371487737, 0.209988594, 0.0112999082, -0.977638543),
			CFrame.new(0.50056839, -1.49001217, -0.168949127, 0.957027137, 0.0209164396, -0.289243042, 0.0588901192, 0.962596536, 0.26446107, 0.283955991, -0.270129979, 0.919999301),
			CFrame.new(-0.536472321, -1.99990082, -0.187959671, 0.983073056, 0.0280108377, 0.18106021, -0.00993493944, 0.994939685, -0.0999795794, -0.182944551, 0.096488446, 0.978376865),
		},
		{
			0.8850314999872353,
			CFrame.new(0, 0, 0, 1, 0, 0, 0, 0.803191781, -0.59572053, 0, 0.59572053, 0.803191781),
			CFrame.new(0.0122070312, 1.38142824, -0.32305336, 0.999578834, 0.0244140159, -0.0156857818, -0.0084869368, 0.76285696, 0.646511614, 0.0277499501, -0.646106184, 0.762742877),
			CFrame.new(1.5129776, 0.00668239594, -0.176654816, 0.969457269, -0.0565022528, 0.238662988, 0.110572346, 0.969286561, -0.219674885, -0.218920693, 0.239355028, 0.945929646),
			CFrame.new(-1.42448425, 1.05529022, -0.107070923, 0.971304357, -0.122336939, 0.203965589, -0.118126087, -0.992458582, -0.0327408016, 0.206432849, 0.00770765543, -0.97843039),
			CFrame.new(0.502845764, -1.4911108, -0.168605804, 0.95573467, 0.0192874428, -0.293596983, 0.0622306913, 0.962024033, 0.265776008, 0.287573516, -0.272282064, 0.918239594),
			CFrame.new(-0.538890839, -2.00151253, -0.185300827, 0.982602715, 0.0301930923, 0.183248997, -0.0125590041, 0.995240211, -0.0966382325, -0.185294598, 0.0926555991, 0.978305101),
		},
		{
			0.9153268999943975,
			CFrame.new(0, 0, 0, 1, 0, 0, 0, 0.799368858, -0.600840628, 0, 0.600840628, 0.799368858),
			CFrame.new(0.0129928589, 1.38358498, -0.320459366, 0.9995206, 0.0259860903, -0.0168304704, -0.00914538279, 0.767169058, 0.641379833, 0.0295787677, -0.640918493, 0.767038941),
			CFrame.new(1.51301193, 0.00230789185, -0.173473358, 0.970475733, -0.0555596426, 0.234712556, 0.110091507, 0.967864394, -0.226093203, -0.214608312, 0.245257825, 0.945405722),
			CFrame.new(-1.42604446, 1.0547266, -0.103748322, 0.972176313, -0.12008927, 0.201127544, -0.116702467, -0.992753386, -0.0286569595, 0.20311144, 0.00438755751, -0.979145825),
			CFrame.new(0.504676819, -1.49198532, -0.168296814, 0.954689443, 0.0179781262, -0.297060221, 0.0649187639, 0.961554885, 0.266828716, 0.290436834, -0.274023324, 0.916819334),
			CFrame.new(-0.54120636, -2.00307369, -0.182588577, 0.982135653, 0.0322760418, 0.185385764, -0.0151102915, 0.995525956, -0.09327209, -0.187566787, 0.0888046026, 0.978229284),
		},
		{
			0.944384500005981,
			CFrame.new(0, 0, 0, 1, 0, 0, 0, 0.79647404, -0.60467273, 0, 0.60467273, 0.79647404),
			CFrame.new(0.0136032104, 1.38521194, -0.318477631, 0.999472737, 0.02720467, -0.0177265648, -0.00966421887, 0.770422935, 0.637460053, 0.0309988391, -0.636952579, 0.770279467),
			CFrame.new(1.51303101, -0.00110340118, -0.171007156, 0.971252501, -0.0548159331, 0.23165451, 0.109670162, 0.966740072, -0.231053799, -0.21128428, 0.249817252, 0.944960535),
			CFrame.new(-1.42717361, 1.0543108, -0.101303101, 0.972808838, -0.118464097, 0.199020207, -0.115667544, -0.99295634, -0.0256620347, 0.200658411, 0.00194406509, -0.979659379),
			CFrame.new(0.50573349, -1.49248981, -0.168132782, 0.954043031, 0.0172453728, -0.299173027, 0.0664982051, 0.961268902, 0.267469317, 0.29219839, -0.275071621, 0.915945172),
			CFrame.new(-0.543018341, -2.00426292, -0.180580139, 0.981761515, 0.0339006521, 0.187069848, -0.0170894712, 0.995726228, -0.0907574892, -0.189347148, 0.0859052539, 0.978145182),
		},
		{
			0.9751897999958601,
			CFrame.new(0, 0, 0, 1, 0, 0, 0, 0.794099092, -0.607788324, 0, 0.607788324, 0.794099092),
			CFrame.new(0.0141220093, 1.3865881, -0.316781998, 0.999429822, 0.0282458812, -0.018499231, -0.0101142609, 0.773176312, 0.63411051, 0.0322141796, -0.63356179, 0.773021102),
			CFrame.new(1.51307678, -0.00397968292, -0.168884277, 0.971905529, -0.0542600006, 0.229031593, 0.109360084, 0.965756297, -0.235276341, -0.208422646, 0.25371328, 0.944557905),
			CFrame.new(-1.42807388, 1.05397797, -0.0992984772, 0.973315656, -0.117171288, 0.197299525, -0.114848554, -0.99311161, -0.0232148468, 0.198660582, -6.41942024e-05, -0.980068386),
			CFrame.new(0.506465912, -1.49283504, -0.167989731, 0.95363003, 0.0167177673, -0.300516695, 0.067568019, 0.961080313, 0.267878681, 0.293299019, -0.275762528, 0.915385604),
			CFrame.new(-0.544475555, -2.00523758, -0.178825378, 0.981452227, 0.0352002867, 0.188447624, -0.018707037, 0.995891869, -0.0885956287, -0.190792084, 0.0834270716, 0.978078902),
		},
		{
			1.0059161999961361,
			CFrame.new(0, 0, 0, 1, 0, 0, 0, 0.791041076, -0.611763, 0, 0.611763, 0.791041076),
			CFrame.new(0.0148010254, 1.38834286, -0.314596176, 0.999372482, 0.0296024196, -0.0194520094, -0.0107477158, 0.776685774, 0.629796565, 0.0337515995, -0.629192233, 0.776516497),
			CFrame.new(1.51309967, -0.0078420639, -0.166074753, 0.97277987, -0.0534265414, 0.225488231, 0.108811498, 0.964426994, -0.240915447, -0.204595685, 0.258893371, 0.943988681),
			CFrame.new(-1.429142, 1.0535717, -0.0969200134, 0.973911047, -0.115626507, 0.195263237, -0.113857269, -0.993289471, -0.0202995539, 0.196300119, -0.00246214867, -0.980540752),
			CFrame.new(0.507083893, -1.49311066, -0.16787529, 0.953270733, 0.0162801724, -0.301678449, 0.0684750602, 0.960918069, 0.268229991, 0.294255167, -0.27635321, 0.914900422),
			CFrame.new(-0.546527863, -2.00658035, -0.176465988, 0.981029928, 0.0370421819, 0.190284148, -0.0209831148, 0.996097445, -0.0857272446, -0.19271712, 0.080108285, 0.977978826),
		},
		{
			1.0929406999784987,
			CFrame.new(0, 0, 0, 1, 0, 0, 0, 0.788480222, -0.615060091, 0, 0.615060091, 0.788480222),
			CFrame.new(0.0153541565, 1.3898201, -0.312736511, 0.99932164, 0.0307088848, -0.020328436, -0.0112213893, 0.779641628, 0.626125336, 0.0350765102, -0.625472486, 0.77945739),
			CFrame.new(1.51313782, -0.0111303329, -0.163686752, 0.97349596, -0.0527869165, 0.222528979, 0.108409792, 0.963248253, -0.245763928, -0.201377541, 0.263374597, 0.943441033),
			CFrame.new(-1.43006134, 1.05319595, -0.0949687958, 0.974402249, -0.114281721, 0.1935969, -0.112958781, -0.993438244, -0.0178957582, 0.19437176, -0.00443083048, -0.980917931),
			CFrame.new(0.507232666, -1.49317837, -0.167825699, 0.953167498, 0.0161836706, -0.302009702, 0.0687142983, 0.960865438, 0.268357486, 0.29453373, -0.276542068, 0.914753735),
			CFrame.new(-0.548183441, -2.0076561, -0.174560547, 0.98065871, 0.0385131463, 0.191899002, -0.0228143781, 0.996258497, -0.0833560824, -0.19439134, 0.077365756, 0.977868319),
		},
		{
			1.130175500002224,
			CFrame.new(0, 0, 0, 1, 0, 0, 0, 0.782131076, -0.62311399, 0, 0.62311399, 0.782131076),
			CFrame.new(0.0168075562, 1.3936758, -0.307790756, 0.99917978, 0.0336173065, -0.0225757789, -0.0125638535, 0.787352979, 0.616374493, 0.0384959579, -0.615585327, 0.787129521),
			CFrame.new(1.51323318, -0.0203037262, -0.156955719, 0.975477934, -0.0510075577, 0.214105099, 0.107067287, 0.959890842, -0.259125262, -0.1923002, 0.275694668, 0.941813827),
			CFrame.new(-1.43201828, 1.05241108, -0.0905418396, 0.97548604, -0.111446574, 0.189753592, -0.111096114, -0.993730843, -0.012517184, 0.189959005, -0.00887057185, -0.981752038),
			CFrame.new(0.506889343, -1.49302006, -0.167901993, 0.953381538, 0.0164192822, -0.301320523, 0.0681939572, 0.960965991, 0.2681306, 0.293961287, -0.276179016, 0.915047646),
			CFrame.new(-0.552722931, -2.01060104, -0.169141769, 0.979654431, 0.0425499789, 0.196129411, -0.0279105827, 0.996654809, -0.0768111646, -0.19874166, 0.0697743297, 0.97756505),
		},
		{
			1.1589802999806125,
			CFrame.new(0, 0, 0, 1, 0, 0, 0, 0.780246556, -0.625472069, 0, 0.625472069, 0.780246556),
			CFrame.new(0.0172843933, 1.39488602, -0.306211472, 0.999131203, 0.0345667303, -0.0232820679, -0.0130333267, 0.789774656, 0.613258541, 0.0395859331, -0.612422228, 0.78953898),
			CFrame.new(1.51329041, -0.023349762, -0.15470314, 0.976117432, -0.0504794046, 0.211297512, 0.106637642, 0.958723426, -0.263586074, -0.189270228, 0.279823124, 0.941209793),
			CFrame.new(-1.43253326, 1.05218792, -0.0894489288, 0.975755394, -0.110692881, 0.188806087, -0.110578075, -0.993804574, -0.0111750066, 0.188873336, -0.00997376442, -0.981950879),
			CFrame.new(0.506584167, -1.49289131, -0.167959213, 0.95357424, 0.0166287068, -0.300698578, 0.0677312985, 0.961052895, 0.267935723, 0.293442726, -0.27586326, 0.915309131),
			CFrame.new(-0.554222107, -2.011549, -0.167421341, 0.979307234, 0.0438754819, 0.197565854, -0.0295855477, 0.99676609, -0.0747106671, -0.200204939, 0.0673196018, 0.977438509),
		},
		{
			1.1876788999943528,
			CFrame.new(0, 0, 0, 1, 0, 0, 0, 0.778756201, -0.627326727, 0, 0.627326727, 0.778756201),
			CFrame.new(0.0176544189, 1.3958559, -0.304935455, 0.999090731, 0.0353107303, -0.0238911547, -0.0133767202, 0.791713536, 0.610745966, 0.0404808447, -0.609871089, 0.791466117),
			CFrame.new(1.51333237, -0.0258731842, -0.152873993, 0.976637185, -0.0500425622, 0.208986938, 0.106288552, 0.957710862, -0.267380565, -0.186768696, 0.283346802, 0.940655172),
			CFrame.new(-1.4329071, 1.05202293, -0.0886592865, 0.975955784, -0.110144675, 0.188091442, -0.1101937, -0.993857384, -0.0102287233, 0.188062727, -0.010743767, -0.982098222),
			CFrame.new(0.506160736, -1.49267673, -0.168066025, 0.953795969, 0.0169429369, -0.299977005, 0.0671205521, 0.961161077, 0.267701209, 0.292861938, -0.275466949, 0.915614605),
			CFrame.new(-0.555408478, -2.0123167, -0.165924072, 0.979028046, 0.044921793, 0.198711097, -0.0309394151, 0.996857703, -0.0729203522, -0.201362401, 0.065243125, 0.977341652),
		},
		{
			1.2120943999907468,
			CFrame.new(0, 0, 0, 1, 0, 0, 0, 0.77728945, -0.629143178, 0, 0.629143178, 0.77728945),
			CFrame.new(0.0180511475, 1.39689827, -0.303556442, 0.999046803, 0.0361045226, -0.0245341472, -0.0137551427, 0.793794036, 0.608031094, 0.041427739, -0.607114017, 0.79353404),
			CFrame.new(1.51335144, -0.028799057, -0.150722504, 0.977239966, -0.0494819582, 0.206285179, 0.105764478, 0.956585824, -0.271582991, -0.183891028, 0.287219375, 0.940047443),
			CFrame.new(-1.43319702, 1.05189991, -0.0879993439, 0.976110756, -0.10971316, 0.187539861, -0.109904483, -0.993897498, -0.00940981507, 0.187427819, -0.0114263892, -0.982211947),
			CFrame.new(0.505691528, -1.49245644, -0.168064117, 0.954102755, 0.0172570385, -0.298981696, 0.0664262101, 0.961275935, 0.267461747, 0.292019606, -0.27504617, 0.916009843),
			CFrame.new(-0.556835175, -2.01319885, -0.164344788, 0.978714883, 0.0461941585, 0.199958444, -0.0325384513, 0.996941805, -0.0710500181, -0.202629045, 0.0630313158, 0.977224946),
		},
		{
			1.2360016999882646,
			CFrame.new(0, 0, 0, 1, 0, 0, 0, 0.776164651, -0.630530298, 0, 0.630530298, 0.776164651),
			CFrame.new(0.018371582, 1.39774609, -0.302423477, 0.999010921, 0.0367466323, -0.025039535, -0.0140767721, 0.795494378, 0.605797529, 0.0421798304, -0.604845881, 0.795224786),
			CFrame.new(1.51340103, -0.0311985016, -0.148920059, 0.977729857, -0.0490868799, 0.2040461, 0.105375692, 0.955642402, -0.275033176, -0.181494594, 0.290409625, 0.939532757),
			CFrame.new(-1.43336105, 1.05183411, -0.0876026154, 0.976205468, -0.109482303, 0.18718189, -0.109754458, -0.993918419, -0.00894111395, 0.187022448, -0.011815697, -0.982284546),
			CFrame.new(0.505138397, -1.49220753, -0.168235779, 0.954398096, 0.0176635142, -0.298013955, 0.0656130835, 0.961429, 0.267112374, 0.291237473, -0.274485171, 0.916427195),
			CFrame.new(-0.557872772, -2.01387024, -0.162998199, 0.978457689, 0.0471016727, 0.2010023, -0.0337304324, 0.997015715, -0.0694385767, -0.203673154, 0.0611627698, 0.977126598),
		},
		{
			1.260246999998344,
			CFrame.new(0, 0, 0, 1, 0, 0, 0, 0.775210679, -0.631702781, 0, 0.631702781, 0.775210679),
			CFrame.new(0.0186653137, 1.39850426, -0.30140686, 0.99897778, 0.0373296663, -0.0254936181, -0.0143738752, 0.797009885, 0.60379529, 0.0428581424, -0.602811515, 0.796731651),
			CFrame.new(1.51343918, -0.0335130692, -0.147205353, 0.978201628, -0.0486942977, 0.201867431, 0.104983896, 0.954699874, -0.27843529, -0.179164648, 0.293558657, 0.939001203),
			CFrame.new(-1.43346786, 1.05178928, -0.0873527527, 0.976268291, -0.109331198, 0.186941579, -0.10965161, -0.993932247, -0.00865745544, 0.186753809, -0.0120463967, -0.982332945),
			CFrame.new(0.504562378, -1.49193573, -0.168346405, 0.954744399, 0.0180643182, -0.296878457, 0.0647524595, 0.961587787, 0.266750544, 0.290293396, -0.273902178, 0.916900873),
			CFrame.new(-0.558895111, -2.01451206, -0.161769867, 0.978203714, 0.0479982793, 0.202024102, -0.0348901227, 0.997078061, -0.0679542422, -0.204695523, 0.0594244301, 0.977020264),
		},
		{
			1.2872804999933578,
			CFrame.new(0, 0, 0, 1, 0, 0, 0, 0.774428606, -0.632661283, 0, 0.632661283, 0.774428606),
			CFrame.new(0.0189285278, 1.39920616, -0.300458908, 0.998946905, 0.0378594026, -0.0259185303, -0.0146415196, 0.798410952, 0.60193485, 0.0434825309, -0.600921392, 0.798124552),
			CFrame.new(1.51345825, -0.0357408524, -0.145597458, 0.978635013, -0.0482961982, 0.199852258, 0.10459739, 0.95378387, -0.28170073, -0.177010804, 0.296586215, 0.938458145),
			CFrame.new(-1.43351364, 1.0517664, -0.0872783661, 0.976283193, -0.109257117, 0.186905265, -0.109597787, -0.993939042, -0.008541435, 0.186705709, -0.0121455491, -0.982340693),
			CFrame.new(0.503883362, -1.49160576, -0.168416977, 0.955143154, 0.0185441487, -0.29556331, 0.0637599453, 0.961754262, 0.266388923, 0.289199263, -0.273284584, 0.917430758),
			CFrame.new(-0.559894562, -2.01512909, -0.16062355, 0.9779706, 0.0488817394, 0.202938616, -0.0360201076, 0.99712944, -0.0665954351, -0.205611408, 0.0578185022, 0.976924181),
		},
		{
			1.3114839000045322,
			CFrame.new(0, 0, 0, 1, 0, 0, 0, 0.773819447, -0.633406222, 0, 0.633406222, 0.773819447),
			CFrame.new(0.0191802979, 1.39985561, -0.299577713, 0.998916984, 0.0383630022, -0.0263279937, -0.0148934685, 0.799712241, 0.600198627, 0.0440802462, -0.599156499, 0.799417555),
			CFrame.new(1.51351166, -0.0378694534, -0.14399147, 0.979054809, -0.047984533, 0.197861359, 0.104253359, 0.952909946, -0.284769118, -0.174879566, 0.299432188, 0.93795383),
			CFrame.new(-1.43346405, 1.05178833, -0.0873737335, 0.976264238, -0.109333061, 0.186961666, -0.109649502, -0.993932366, -0.00867971778, 0.186776221, -0.0120265186, -0.982328892),
			CFrame.new(0.503135681, -1.49125099, -0.168567657, 0.9555673, 0.0190811828, -0.294154733, 0.0626557767, 0.961951554, 0.265938133, 0.288037091, -0.272552252, 0.91801405),
			CFrame.new(-0.560779572, -2.01568699, -0.159505844, 0.977758169, 0.0496606752, 0.203771427, -0.0370403081, 0.997178555, -0.0652893782, -0.206438825, 0.0562894344, 0.976839066),
		},
		{
			1.3353971999895293,
			CFrame.new(0, 0, 0, 1, 0, 0, 0, 0.77339834, -0.633920372, 0, 0.633920372, 0.77339834),
			CFrame.new(0.0194091797, 1.40041637, -0.298812866, 0.998890519, 0.0388220474, -0.0266577713, -0.0151468646, 0.800832868, 0.598696291, 0.0445910394, -0.597628295, 0.800532401),
			CFrame.new(1.51353455, -0.0399160385, -0.142490387, 0.979453325, -0.0476286151, 0.19596605, 0.103868648, 0.952055991, -0.287750691, -0.17286551, 0.302193075, 0.937441707),
			CFrame.new(-1.43337631, 1.05182743, -0.0875816345, 0.976207316, -0.10945686, 0.187184319, -0.109737113, -0.993920684, -0.00889641047, 0.187020183, -0.0118563175, -0.982284546),
			CFrame.new(0.502323151, -1.49086285, -0.168710709, 0.956015885, 0.0196675342, -0.292654872, 0.0614738911, 0.962155163, 0.265477389, 0.286800683, -0.271791309, 0.918626666),
			CFrame.new(-0.561660767, -2.01622009, -0.158533096, 0.977540731, 0.0504308045, 0.204623938, -0.0380259827, 0.997218013, -0.0641106963, -0.207287848, 0.054889828, 0.976738989),
		},
		{
			1.3606336999800988,
			CFrame.new(0, 0, 0, 1, 0, 0, 0, 0.773180306, -0.634186208, 0, 0.634186208, 0.773180306),
			CFrame.new(0.0195846558, 1.40090179, -0.298151016, 0.998868406, 0.0391679443, -0.0269765072, -0.0153068043, 0.801803887, 0.59739089, 0.0450284518, -0.596302032, 0.801496148),
			CFrame.new(1.51356888, -0.0418558121, -0.141046524, 0.979828537, -0.0473243855, 0.194155857, 0.103518024, 0.95124203, -0.29055512, -0.170938864, 0.304792851, 0.936953187),
			CFrame.new(-1.43322754, 1.05189323, -0.087896347, 0.97613728, -0.109684385, 0.18741715, -0.109891847, -0.993899703, -0.00931480527, 0.187295571, -0.011503011, -0.982236207),
			CFrame.new(0.5014534, -1.49044037, -0.16882515, 0.956513643, 0.020288296, -0.290981263, 0.0601996556, 0.962370396, 0.264988452, 0.28540796, -0.270982057, 0.919299126),
			CFrame.new(-0.562416077, -2.01669502, -0.157562256, 0.977357984, 0.0510951616, 0.20533058, -0.038903445, 0.997255862, -0.0629830658, -0.207985282, 0.0535689592, 0.976663888),
		},
		{
			1.3949455999827478,
			CFrame.new(0, 0, 0, 1, 0, 0, 0, 0.773107648, -0.634274781, 0, 0.634274781, 0.773107648),
			CFrame.new(0.0197525024, 1.40133953, -0.297550201, 0.998847783, 0.0395019948, -0.0272517335, -0.0154773854, 0.802677572, 0.596212089, 0.0454259291, -0.595103323, 0.802364171),
			CFrame.new(1.51361465, -0.0436687469, -0.139690399, 0.98018086, -0.0470646471, 0.192432702, 0.103208095, 0.950449824, -0.293245256, -0.169096172, 0.307293952, 0.93647027),
			CFrame.new(-1.43301773, 1.05198288, -0.0883750916, 0.976019204, -0.109987229, 0.187854931, -0.110097267, -0.99387151, -0.00988075137, 0.187790453, -0.011038512, -0.982147098),
			CFrame.new(0.500530243, -1.489995, -0.168970108, 0.95703429, 0.020952573, -0.289216816, 0.0588417798, 0.962603211, 0.264447331, 0.283941925, -0.270103216, 0.920011461),
			CFrame.new(-0.563152313, -2.01714897, -0.156667709, 0.977188647, 0.0517466031, 0.205972254, -0.0397509933, 0.997286558, -0.0619597137, -0.20861958, 0.0523586571, 0.97659421),
		},
		{
			1.439326899999287,
			CFrame.new(0, 0, 0, 1, 0, 0, 0, 0.773441911, -0.633867204, 0, 0.633867204, 0.773441911),
			CFrame.new(0.0199966431, 1.40192127, -0.296749115, 0.998818219, 0.0399921574, -0.0276197586, -0.0157423802, 0.803842843, 0.5946334, 0.0459826216, -0.593495905, 0.803522468),
			CFrame.new(1.51366425, -0.0467624664, -0.137386322, 0.980768979, -0.0465772785, 0.189533159, 0.102604687, 0.949130177, -0.297697723, -0.166025728, 0.311419606, 0.935656607),
			CFrame.new(-1.43249893, 1.05220795, -0.0894889832, 0.975734532, -0.11073526, 0.188890874, -0.110620335, -0.993799746, -0.0111841261, 0.188958198, -0.0099824369, -0.981934428),
			CFrame.new(0.498683929, -1.48910427, -0.169275284, 0.958063781, 0.0222831238, -0.285687447, 0.056125626, 0.963069677, 0.263337195, 0.281004906, -0.26832822, 0.921431661),
			CFrame.new(-0.564239502, -2.01780987, -0.155412674, 0.976907253, 0.052695673, 0.207063749, -0.0409852043, 0.997329533, -0.0604462624, -0.209696084, 0.0505639017, 0.97645843),
		},
		{
			1.460738299996592,
			CFrame.new(0, 0, 0, 1, 0, 0, 0, 0.774080575, -0.633087039, 0, 0.633087039, 0.774080575),
			CFrame.new(0.0200996399, 1.40219021, -0.296379089, 0.998806357, 0.0401973836, -0.0277478248, -0.0158731993, 0.804377437, 0.593906343, 0.0461932123, -0.592757106, 0.804055393),
			CFrame.new(1.51371002, -0.0487661362, -0.135868073, 0.981152177, -0.0462809727, 0.187612608, 0.102202751, 0.948269725, -0.30056414, -0.163996965, 0.314073712, 0.93512702),
			CFrame.new(-1.43200684, 1.05240917, -0.0906181335, 0.975469708, -0.111452356, 0.189834982, -0.111089379, -0.993730545, -0.0125861764, 0.190047622, -0.00881123543, -0.981735229),
			CFrame.new(0.49723053, -1.48839951, -0.169528961, 0.958885491, 0.0233259965, -0.28283307, 0.0539627969, 0.963446975, 0.262407392, 0.278615594, -0.266881078, 0.922576666),
			CFrame.new(-0.564826965, -2.01818371, -0.154596329, 0.976751745, 0.0532029755, 0.207666919, -0.0416765586, 0.997358203, -0.0594932139, -0.210283518, 0.0494552553, 0.976388693),
		},
		{
			1.4874924999894574,
			CFrame.new(0, 0, 0, 1, 0, 0, 0, 0.774617076, -0.632430494, 0, 0.632430494, 0.774617076),
			CFrame.new(0.0201148987, 1.40228271, -0.296247482, 0.998802185, 0.0402266309, -0.0278566517, -0.0158468299, 0.804566205, 0.593651414, 0.0462931171, -0.592498958, 0.804239869),
			CFrame.new(1.51371765, -0.0498867035, -0.135068893, 0.981355369, -0.0460994989, 0.18659161, 0.101990014, 0.947756588, -0.302250057, -0.162909865, 0.315645158, 0.934787869),
			CFrame.new(-1.43166351, 1.05255127, -0.0913829803, 0.975289166, -0.111961693, 0.190462381, -0.11142765, -0.99368, -0.0135456622, 0.190775305, -0.00801181793, -0.981601),
			CFrame.new(0.496273041, -1.48793697, -0.169713974, 0.959400713, 0.0240254607, -0.281021416, 0.0525519624, 0.963690042, 0.261800319, 0.277107447, -0.265939653, 0.923302412),
			CFrame.new(-0.565208435, -2.01840973, -0.154190063, 0.97666496, 0.0535426512, 0.207987353, -0.0421075523, 0.997367859, -0.0590264201, -0.210600346, 0.0488910675, 0.976348877),
		},
		{
			1.5105511999863666,
			CFrame.new(0, 0, 0, 1, 0, 0, 0, 0.775442183, -0.631418586, 0, 0.631418586, 0.775442183),
			CFrame.new(0.0201530457, 1.40232277, -0.296192169, 0.998797774, 0.0403063931, -0.0279006213, -0.0158912204, 0.804645181, 0.593543291, 0.0463736877, -0.592386365, 0.804318309),
			CFrame.new(1.51375198, -0.0511217117, -0.134132385, 0.981587946, -0.0459354371, 0.185405016, 0.101759337, 0.947199821, -0.304067969, -0.161648124, 0.317336082, 0.934434414),
			CFrame.new(-1.43119049, 1.05274582, -0.0924453735, 0.975024283, -0.11264693, 0.191412121, -0.111885279, -0.993610501, -0.0148179233, 0.191858321, -0.00696831942, -0.981397867),
			CFrame.new(0.495056152, -1.48733139, -0.169828415, 0.960061848, 0.0249136277, -0.27867642, 0.0507799089, 0.963969827, 0.261119545, 0.27514115, -0.264842033, 0.924205661),
			CFrame.new(-0.565525055, -2.01860523, -0.15378952, 0.976581097, 0.0538178235, 0.208309844, -0.042474404, 0.997380137, -0.0585528016, -0.210915297, 0.0483337343, 0.976308644),
		},
		{
			1.5354030999878887,
			CFrame.new(0, 0, 0, 1, 0, 0, 0, 0.776410043, -0.630228043, 0, 0.630228043, 0.776410043),
			CFrame.new(0.0201187134, 1.40228271, -0.29624939, 0.998800516, 0.0402400941, -0.0278976224, -0.0158333369, 0.804566145, 0.593651891, 0.0463340878, -0.592498004, 0.80423826),
			CFrame.new(1.5137825, -0.052239418, -0.133291245, 0.9817909, -0.0457904227, 0.184363604, 0.10155344, 0.946706593, -0.305668443, -0.160541564, 0.318825275, 0.934118152),
			CFrame.new(-1.43066788, 1.05295944, -0.0935821533, 0.974746168, -0.113409713, 0.192374289, -0.112392947, -0.993531227, -0.0162261128, 0.192970082, -0.00580519438, -0.981187403),
			CFrame.new(0.493793488, -1.48671722, -0.170070648, 0.960734904, 0.0258382056, -0.276262254, 0.0489162728, 0.964287758, 0.260299712, 0.273122013, -0.26359278, 0.925161064),
			CFrame.new(-0.565788269, -2.0187521, -0.153553009, 0.976518452, 0.0540468171, 0.208544225, -0.0427590013, 0.997384906, -0.0582636595, -0.211147875, 0.0479783416, 0.976275861),
		},
		{
			1.5607163999811746,
			CFrame.new(0, 0, 0, 1, 0, 0, 0, 0.77757746, -0.6287871, 0, 0.6287871, 0.77757746),
			CFrame.new(0.020072937, 1.40214348, -0.296443939, 0.99880749, 0.0401448719, -0.0277853645, -0.0158013161, 0.804284871, 0.594033539, 0.0461947545, -0.59288615, 0.803960145),
			CFrame.new(1.51379013, -0.0532484055, -0.132543564, 0.981975377, -0.0456244349, 0.183419764, 0.101327471, 0.946267486, -0.307099581, -0.159552932, 0.32014969, 0.933834434),
			CFrame.new(-1.43008804, 1.05319309, -0.094865799, 0.974425852, -0.114250138, 0.193497136, -0.112948909, -0.993441522, -0.0177806616, 0.194259554, -0.00452932715, -0.980939746),
